0.011643 17
0.006294 27
0.212202 11
0.006075 14
0.002839 26
0.000162 53
0.533217 29
0.143779 64
0.034848 64
0.227475 66
1.187226 33
0.239100 101
0.009463 37
0.231866 166
1.392461 78
0.007010 59
0.184078 67
0.031157 158
0.016121 233
0.002402 12
0.000129 2
0.000171 22
0.000077 2
0.000082 76
0.919703 12
0.921272 28
1.714056 25
0.757142 21
0.806428 22
0.774504 58
0.776062 54
0.819351 45
0.000061 97
0.002989 50
0.032490 14
0.002043 41
0.004906 62
0.001860 7
0.003173 11
0.001459 17
0.009337 17
0.133502 40
0.039319 26
0.023228 24
0.154586 25
0.015132 25
0.160173 51
0.270529 47
0.545934 61
0.120686 41
0.008314 41
0.023494 42
0.009152 42
0.041931 41
0.009896 41
0.046582 36
0.040791 36
0.088976 37
0.011924 37
0.051755 35
0.011407 35
0.045078 36
0.010375 36
0.043424 37
0.018502 37
0.051161 48
0.014750 48
0.055050 33
0.015575 33
0.043431 36
0.013020 36
0.033596 37
0.008289 37
0.041440 38
0.011259 38
0.048651 35
0.013826 35
0.050089 29
0.025809 29
0.062510 28
0.029194 28
0.082565 41
0.022336 41
0.061901 30
0.009179 30
0.032890 34
0.008365 34
0.041013 40
0.009117 40
0.038226 31
0.009939 31
0.050204 37
0.009572 37
0.044921 34
0.011107 34
0.046469 41
0.017528 41
0.058448 44
0.012107 44
0.043235 40
0.011335 40
0.043065 32
0.018507 32
0.048955 29
0.010990 29
0.047799 36
0.013683 36
0.047689 42
0.015712 42
0.058423 36
0.013772 36
0.055260 45
0.011801 45
0.045258 50
0.016016 50
0.041441 38
0.013524 38
0.046472 42
0.013694 42
0.046180 35
0.019627 35
0.071015 25
0.024208 25
0.063033 43
0.011670 43
0.043891 35
0.011933 35
0.052732 41
0.026133 41
0.063641 47
0.017184 47
0.055179 50
0.011310 50
0.042091 37
0.008397 37
0.040337 34
0.012646 34
0.053486 44
0.018346 44
0.059760 36
0.014918 36
0.058270 32
0.046810 32
0.088050 26
0.011031 26
0.044203 31
0.014616 31
0.058796 39
0.013981 39
0.050764 40
0.012423 40
0.046283 39
0.015212 39
0.046782 34
0.008480 34
0.042830 30
0.011231 30
0.044431 26
0.025227 26
0.073744 32
0.008488 32
0.043425 35
0.012636 35
0.037384 36
0.008083 36
0.043524 45
0.012713 45
0.045221 42
0.012228 42
0.040286 39
0.014333 39
0.050555 46
0.010111 46
0.046448 43
0.024251 43
0.070701 31
0.017281 31
0.042985 49
0.012673 49
0.049041 45
0.013366 45
0.050490 40
0.013176 40
0.046903 31
0.012346 31
0.046379 32
0.012903 32
0.047863 36
0.012157 36
0.041491 40
0.013335 40
0.042313 38
0.012746 38
0.046728 45
0.011376 45
0.049451 48
0.011106 48
0.033658 43
0.007903 43
0.032260 48
0.012568 48
0.040010 46
0.010534 46
0.042166 35
0.014181 35
0.049919 33
0.014745 31
0.000054 2
0.051504 31
0.012006 31
0.047619 33
0.015530 33
0.051661 43
0.011759 43
0.048906 44
0.012831 44
0.054466 31
0.016827 31
0.046524 34
0.014034 34
0.047342 44
0.015705 44
0.057627 44
0.012995 44
0.046540 48
0.012134 48
0.047426 45
0.024319 45
0.068210 34
0.020230 34
0.057372 29
0.008139 29
0.033467 47
0.013282 47
0.044693 43
0.015471 43
0.054065 30
0.021541 30
0.064889 44
0.018812 44
0.054284 41
0.010824 41
0.048046 36
0.010127 36
0.048463 46
0.017463 46
0.056288 34
0.016035 34
0.049460 39
0.010662 39
0.052110 30
0.015879 30
0.048683 43
0.019018 43
0.058295 32
0.011487 32
0.045106 37
0.021982 37
0.073590 27
0.015245 27
0.060007 29
0.007388 29
0.033736 32
0.011355 32
0.044693 31
0.013061 31
0.043400 31
0.014285 31
0.045543 39
0.020377 39
0.058311 31
0.013931 31
0.043733 40
0.015415 40
0.050616 51
0.012947 51
0.046326 37
0.012974 37
0.043912 33
0.013042 33
0.043194 44
0.010958 44
0.051910 48
0.010432 48
0.048533 50
0.015298 50
0.044827 35
0.012560 35
0.048371 50
0.013976 50
0.053451 50
0.010510 50
0.044689 49
0.012336 49
0.042713 53
0.007452 53
0.031622 37
0.010681 37
0.042237 47
0.011581 47
0.050528 49
0.011790 49
0.045403 31
0.014351 31
0.046527 35
0.013564 35
0.050823 41
0.011320 41
0.049473 61
0.019110 61
0.057025 61
0.022732 61
0.063823 39
0.012168 39
0.053752 39
0.014614 39
0.048742 25
0.011431 25
0.045872 28
0.013507 28
0.041197 39
0.017572 39
0.063593 40
0.020181 40
0.064791 39
0.011606 39
0.049244 33
0.005785 33
0.037038 33
0.009953 33
0.048881 36
0.012064 36
0.047882 31
0.014480 31
0.046883 36
0.010467 36
0.043861 42
0.014573 42
0.053502 42
0.018385 42
0.060915 37
0.011597 37
0.047337 62
0.010621 62
0.049417 53
0.010410 53
0.047872 51
0.010571 51
0.043898 50
0.013993 50
0.045850 45
0.008080 45
0.044884 33
0.014231 33
0.059040 40
0.009627 40
0.040564 36
0.011550 36
0.044566 35
0.014189 35
0.049888 47
0.006825 47
0.030919 33
0.009557 33
0.042948 35
0.023300 35
0.063461 38
0.033153 38
0.091233 31
0.017365 31
0.061947 36
0.011137 36
0.053972 32
0.011911 32
0.046472 28
0.015631 28
0.053426 50
0.013705 50
0.045797 49
0.015692 49
0.053301 60
0.011457 60
0.058142 27
0.012342 27
0.054795 48
0.017797 48
0.063982 51
0.019528 51
0.054374 39
0.009315 39
0.035925 38
0.008570 38
0.039563 32
0.011001 32
0.046428 55
0.010513 55
0.045006 33
0.014924 33
0.048202 47
0.016851 47
0.047757 37
0.012004 37
0.045668 40
0.015217 40
0.049269 42
0.018385 42
0.057506 25
0.016240 25
0.044689 45
0.007597 45
0.048106 43
0.012368 43
0.045666 38
0.011111 38
0.051404 37
0.010242 37
0.048556 39
0.011302 39
0.049669 46
0.013766 46
0.049144 44
0.013617 44
0.059858 34
0.016123 34
0.045393 37
0.010296 37
0.047687 37
0.014612 37
0.054994 41
0.015557 41
0.048240 37
0.012921 37
0.045215 44
0.012959 44
0.050325 36
0.012486 36
0.046271 41
0.009494 41
0.046288 45
0.010161 45
0.045631 44
0.024282 44
0.069075 53
0.013630 53
0.047065 48
0.014578 48
0.048306 33
0.026853 33
0.067158 41
0.015553 41
0.058789 47
0.068719 47
0.127612 39
0.019242 39
0.074965 49
0.167486 34
0.015062 29
0.031305 26
0.014170 24
0.333416 29
0.013961 28
0.024302 29
0.021197 27
0.043385 36
0.022987 27
0.048585 30
0.023665 25
0.020450 27
0.015260 26
0.015429 22
0.096431 23
0.167193 28
0.189247 26
0.038031 27
0.028289 37
0.024766 28
0.043937 32
0.024260 31
0.033092 27
0.093301 37
0.032311 33
0.056033 25
0.120164 38
0.015686 33
0.012372 30
0.031804 28
0.031143 31
0.031427 28
0.322801 29
0.020509 36
0.022359 30
0.026849 23
0.028541 23
0.180037 29
0.023823 27
0.032271 27
0.016904 33
0.045211 28
0.047701 27
0.045128 27
0.024626 28
0.041619 25
0.023689 28
0.027078 28
0.042390 28
0.040222 32
0.018485 29
0.138932 28
0.125014 28
0.079246 23
0.047985 23
0.037363 27
0.014351 24
0.045241 33
0.027195 26
0.030363 27
0.017488 26
0.020966 30
0.026350 32
0.033075 23
0.017808 27
0.134140 24
0.097906 23
0.029044 31
0.037226 30
0.035933 22
0.038061 25
0.303864 32
2.332008 35
0.140473 33
0.024658 34
0.031752 31
0.027362 29
0.731023 34
0.022766 33
0.022844 34
0.022487 32
0.039323 35
0.029743 32
0.068299 35
0.038499 30
0.038750 32
0.027536 31
0.040925 21
0.128256 22
0.204723 27
0.341570 25
0.090889 32
0.042872 36
0.024867 33
0.057066 37
0.043543 36
0.037340 32
0.104174 36
0.037400 38
0.252870 24
0.137244 37
0.025673 32
0.030562 29
0.035123 33
0.052665 36
0.040309 27
0.338979 28
0.037044 41
0.037833 29
0.034931 22
0.108443 22
0.207129 34
0.036867 26
0.038974 26
0.027411 32
0.064325 27
0.075913 32
0.053830 32
0.033156 33
0.045159 30
0.036801 33
0.038238 33
0.065064 33
0.051469 37
0.038665 28
0.160502 27
0.142719 27
0.103414 22
0.056392 22
0.040682 26
0.024999 23
0.051654 32
0.032988 25
0.035265 26
0.029791 25
0.036495 29
0.087015 31
0.041850 22
0.025337 26
0.154502 23
0.125118 22
0.035082 30
0.043116 29
0.048735 21
0.072184 24
0.290458 37
0.035071 36
0.000442 28
0.000357 34
0.004069 32
0.000713 38
0.000546 35
0.002620 31
0.267334 28
0.000991 36
0.001727 28
0.010086 43
0.000580 29
0.000806 27
0.012291 36
0.000552 36
0.000775 35
0.000524 33
0.002348 39
0.000518 39
0.000635 35
0.000609 35
0.000617 34
0.000436 32
0.000471 34
0.000524 31
0.208588 34
0.000644 31
0.006692 38
0.000571 34
0.000573 32
0.000547 28
0.000383 37
0.000584 24
0.003991 28
0.000698 34
0.002334 30
0.020209 37
0.000754 29
0.006492 33
0.000688 31
0.000608 23
0.001274 29
0.003113 23
0.004316 35
0.000571 38
0.001600 24
0.007499 29
0.000590 24
0.001126 27
0.265150 26
0.298322 24
0.000538 24
0.409769 39
0.016796 34
0.231877 38
0.003000 24
0.115990 40
0.019466 34
0.322170 26
0.087178 25
0.038551 34
0.012222 35
0.000838 35
0.001901 60
0.006899 30
0.186567 29
0.004527 61
0.031744 31
1.336966 33
0.245883 24
0.001676 26
0.000809 2
0.012841 33
1.162806 25
0.046188 22
0.052296 40
0.051111 34
0.083027 37
0.118693 21
0.181310 33
0.150522 33
0.032447 36
0.051324 36
0.103892 38
0.043560 21
0.038863 27
0.079369 32
0.070523 31
0.039379 36
0.027342 39
0.030323 36
0.046819 33
0.065966 40
0.053454 35
0.164818 31
0.043057 35
0.037578 30
0.055382 23
0.033703 22
0.052187 22
0.070158 35
0.050368 40
0.026864 36
0.029060 40
0.027906 39
0.033989 30
0.061463 27
0.036013 32
0.033344 34
0.045038 24
0.062285 23
0.509234 30
0.071120 33
0.044083 22
0.034971 34
0.038324 33
0.041132 32
0.032207 29
0.069644 32
0.051504 23
0.115539 31
0.046679 31
0.028065 26
0.108227 26
0.078456 33
0.034214 33
0.049871 32
0.050488 36
0.039137 37
0.030202 47
0.033691 26
0.065360 32
0.052891 34
0.045523 30
0.032695 34
0.055923 34
0.115610 33
0.063968 33
0.046591 22
0.037909 22
0.037975 27
0.130490 32
0.040089 26
0.029866 32
0.043902 35
0.049833 31
0.028880 35
0.041767 34
0.045463 35
0.125423 31
0.041726 43
0.039474 34
0.040865 32
0.049709 37
0.059075 42
0.027375 33
0.086305 35
0.061342 36
0.028573 32
0.037426 34
0.030946 32
0.037280 35
0.119598 25
0.435860 27
0.039335 22
0.094488 27
0.060773 25
0.031571 32
0.123075 37
0.065931 33
0.035618 37
0.043833 31
0.035411 32
0.034559 33
0.044570 39
0.063053 36
0.035952 35
0.037354 25
0.090127 26
0.028883 30
0.048804 25
0.056315 21
0.038357 28
0.065876 26
0.082225 22
0.111180 26
0.038373 26
0.053817 35
0.063777 31
0.035350 32
0.056258 35
0.037664 40
0.032115 36
0.045363 31
0.196907 37
0.033046 32
0.090069 22
0.124002 37
0.040937 29
0.841908 21
0.161889 35
0.020218 34
0.000272 37
0.000762 35
0.006522 34
0.000474 36
0.000334 24
0.004936 34
0.000420 28
0.000422 24
0.224898 35
0.000471 36
0.000458 39
0.000477 23
0.002426 24
0.009849 38
0.000576 35
0.000269 29
0.000411 38
0.000715 33
0.000394 34
0.000494 38
0.000547 33
0.000360 22
0.000071 2
0.000417 31
0.000069 2
0.000415 43
0.000069 2
0.000424 42
0.000072 2
0.000396 34
0.000069 2
0.000387 35
0.000069 2
0.000392 36
0.000065 2
0.000373 32
0.000066 2
0.000393 31
0.000069 2
0.000379 34
0.000066 2
0.000536 21
0.000090 2
0.243947 34
0.000604 37
0.000293 36
0.000377 32
0.000489 25
0.000883 35
0.001256 24
0.000116 2
0.049546 37
0.247460 24
0.007274 34
0.000471 35
0.000401 28
0.000603 38
0.000911 39
0.000662 35
0.242650 28
0.011316 42
0.023862 38
0.000301 29
0.000897 30
0.001223 71
0.000541 40
0.000095 2
0.000546 37
0.000121 2
0.007905 31
0.240257 36
0.005866 33
0.001131 42
0.001252 38
0.002718 32
0.014024 37
0.001023 29
0.001521 27
0.291681 36
0.002374 35
0.005437 24
0.601677 69
0.007548 25
0.000315 2
2.505038 29
0.001562 34
0.002699 25
0.000170 2
0.101981 37
0.001289 35
0.000925 32
0.000090 2
0.010701 27
0.011102 30
0.000092 2
0.007906 34
0.001350 28
0.026017 39
0.001511 40
0.000796 23
0.000074 2
0.736744 37
0.001109 24
0.091386 35
0.001819 47
0.000162 2
0.002449 32
0.000089 2
0.009279 23
0.047050 33
0.000351 36
0.000586 34
0.000578 42
0.000670 24
0.003357 28
0.000158 41
0.001237 35
0.000384 37
0.000155 28
0.000720 41
0.000280 37
0.001612 23
1.074165 35
0.012337 37
0.001300 31
0.000595 38
0.003502 28
0.562555 29
0.000640 32
0.000416 28
0.000373 25
0.000349 37
0.003873 33
0.007486 34
0.001161 39
0.001217 24
0.001106 35
0.001387 42
0.002632 34
0.170126 41
0.001608 39
0.001633 39
0.002355 34
1.802861 27
0.277287 32
0.015083 28
0.028495 40
2.449680 83
0.651178 30
0.036724 29
0.004187 32
0.507267 12
0.002577 54
0.004074 97
0.000868 115
0.011288 179
0.721959 90
0.705152 12
0.000095 40
0.670986 56
0.000567 130
0.762250 80
0.005270 84
0.000319 93
0.003650 52
0.031589 80
0.005491 25
0.002185 26
0.001306 26
0.001061 26
0.000996 26
0.002159 26
0.000509 234
0.000031 78
0.000091 126
0.001888 59
0.000190 43
0.015588 44
0.014244 96
0.000169 17
0.007959 116
0.839302 15
0.000102 68
0.757427 12
2.215260 175
0.857114 20
0.000939 135
0.005527 151
2.138864 4
0.016635 7
0.003635 18
0.053161 13
0.501081 13
0.500836 38
0.500875 80
0.500378 80
0.500168 156
0.500965 123
0.415220 178
0.501960 59
0.151893 84
0.000176 26
0.000030 58
0.000075 38
0.005339 52
0.340395 77
0.386165 147
0.001108 81
0.363877 107
0.000323 56
0.501440 57
0.111180 58
0.000101 68
0.001994 92
0.000798 63
0.349046 80
0.501733 80
0.501307 80
0.016717 148
0.001341 147
0.500621 68
0.409192 80
0.002504 80
0.009168 80
0.501495 80
0.501162 80
0.501191 80
0.501707 80
0.500299 80
0.501766 80
0.500780 80
0.501588 80
0.500315 80
0.501161 80
0.500410 80
0.501591 80
0.500961 80
0.501101 80
0.501210 80
0.501259 80
0.500996 80
0.501366 80
0.500909 80
0.501636 80
0.501254 80
0.501078 80
0.501163 80
0.501535 80
0.501146 80
0.501282 80
0.501260 80
0.501212 80
0.501071 80
0.501321 80
0.501051 80
0.501175 80
0.501473 80
0.501287 80
0.501321 80
0.501496 80
0.501618 80
0.500965 80
0.501080 80
0.501800 80
0.501234 80
0.500709 80
0.501725 80
0.501662 80
0.501469 80
0.501382 80
0.501488 80
0.501659 80
0.501294 80
0.501522 80
0.501476 80
0.501539 80
0.501499 80
0.501189 80
0.501657 80
0.501054 80
0.501164 80
0.501165 80
0.501430 80
0.501736 80
0.501264 80
0.501690 80
0.501574 80
0.501053 80
0.501319 80
0.501134 80
0.501066 80
0.501747 80
0.501031 80
0.501690 80
0.500731 80
0.147263 160
0.498026 80
0.501015 80
0.501018 80
0.429249 196
0.005836 29
0.007567 29
0.005906 58
0.017640 29
0.713940 30
0.701870 30
0.360427 60
0.092739 33
0.076119 7
0.004348 73
0.032494 24
0.037889 2
0.012038 27
0.294498 2
0.080706 60
0.698556 78
0.003852 407
0.000310 226
0.000161 63
0.000129 74
0.000121 365
0.000149 141
0.000138 212
0.000122 73
0.000121 74
0.000119 78
0.000178 150
0.000122 77
0.000124 74
0.000112 152
0.000396 152
0.000142 229
0.000162 80
0.000437 76
0.000603 232
0.000549 148
0.005180 1694
0.200790 629
0.000178 147
0.000124 76
0.000129 210
0.000115 200
0.000120 80
0.000115 218
0.000125 73
0.000109 67
0.000357 143
0.000155 72
0.000128 140
0.000467 151
0.000162 153
0.000139 73
0.000107 73
0.000371 70
0.000556 218
0.000261 80
0.000191 113
0.001690 42
0.000571 78
0.000271 70
0.000640 135
0.001019 78
0.000138 77
0.001516 69
0.023525 171
12.867109 99
4.795330 98
0.053021 92
9.428457 91
14.333708 91
8.652800 93
0.773520 97
0.251257 113
0.469339 97
0.043830 97
0.729800 97
0.083727 97
1.175426 107
0.002839 114
0.003376 98
3.224509 112
0.003446 100
0.763287 98
0.879301 102
0.090972 97
0.155842 98
0.780062 101
0.353310 97
0.502398 107
0.315191 100
0.215312 97
0.039725 99
2.355280 99
0.041176 108
0.876213 100
0.313069 104
1.805730 95
1.776224 98
0.829657 92
1.341661 100
0.001491 98
1.059325 97
0.057258 100
0.033820 94
1.843113 104
3.441106 104
0.044181 100
3.494469 106
2.040002 92
0.148917 97
0.052582 96
0.093510 98
2.471647 102
0.089280 114
0.004626 107
0.048753 97
0.731634 102
0.141388 95
0.572568 98
0.094875 102
0.050317 96
0.576257 98
0.042429 103
0.061370 95
12.494810 103
1.067554 100
1.950364 98
0.293250 101
0.321941 95
0.036027 95
0.418275 99
1.715529 90
0.646716 98
0.002359 94
3.837884 107
1.060958 105
3.407133 103
0.001053 97
0.002446 103
0.119644 106
0.316872 107
3.219995 96
0.630002 105
0.040527 95
0.147743 95
0.624649 96
0.043282 96
4.960405 100
0.021286 102
25.684056 100
0.119876 102
1.316242 93
2.400181 99
0.724206 92
2.208482 100
0.863627 101
0.042881 97
1.429605 97
0.169041 103
2.921752 101
3.112617 98
3.598887 94
0.027286 98
0.010749 90
0.931060 93
1.271282 102
0.096431 96
2.252691 98
1.289093 106
5.216239 101
0.836833 116
3.827394 99
0.002760 99
0.002769 100
0.915439 99
0.198574 105
4.099304 97
7.438129 95
1.623467 100
1.487355 96
0.043678 95
18.231237 94
0.003960 98
0.064044 97
0.036215 99
0.002349 97
0.728939 97
0.407751 97
0.442745 98
0.175199 97
0.036882 101
0.318726 102
4.299757 95
16.778411 93
0.003229 105
2.971378 95
28.872971 93
0.001508 94
0.780949 98
2.668519 93
0.288694 94
2.819252 100
0.001063 98
1.704157 96
1.028124 102
0.006125 101
0.000712 98
0.177797 94
10.251950 93
0.509209 96
0.290683 98
0.584646 97
0.093841 100
0.041528 101
3.432749 94
13.009447 93
0.969365 95
0.010416 105
0.187071 119
0.013961 110
0.044047 91
0.473686 102
9.006020 98
0.140050 106
0.569120 99
2.508513 112
0.011941 95
0.706809 91
1.948921 104
73.313541 108
0.766057 95
0.262925 98
2.818289 99
0.000839 92
1.116067 98
0.732045 96
0.963330 98
1.487496 100
1.934722 92
1.962305 103
0.822994 103
0.907013 94
1.120511 96
1.589681 111
0.578959 101
0.083713 101
1.029122 95
0.003268 99
0.047763 94
0.000236 2
0.206212 100
0.564306 100
0.708050 103
2.160616 104
0.507104 103
0.723483 102
0.096780 96
0.110743 96
0.353559 93
0.093963 104
0.004617 104
0.669564 102
0.043418 97
3.348069 95
10.729212 93
1.234725 96
0.221963 98
0.348308 97
0.045423 97
0.016760 100
0.085674 105
0.219347 93
0.034434 98
0.000466 2
0.314968 104
0.040511 98
0.002573 92
0.926596 95
0.009387 111
0.051702 116
0.001215 109
0.031654 106
0.002245 109
0.000161 2
0.610923 115
0.220798 114
0.720458 120
0.707287 109
0.210117 114
0.100577 119
0.089667 113
0.217182 103
2.248751 103
0.505985 96
0.618496 99
0.401406 110
0.015653 107
0.211499 102
0.088823 97
0.314004 101
2.969701 103
0.002038 95
0.967159 93
0.008714 92
0.049102 104
0.003348 101
0.083697 102
0.003095 102
0.000122 2
0.002904 101
0.059532 98
0.719014 100
0.046430 99
4.905173 103
2.810617 99
0.003759 104
0.003715 100
0.000688 101
0.000902 100
0.001049 96
0.003697 97
0.000049 2
0.199369 98
1.129535 103
1.953189 97
0.976227 95
0.048875 98
3.989980 95
0.002586 101
1.224618 99
0.040913 93
0.475641 93
1.788252 101
0.616590 99
0.962802 94
1.484837 103
1.290614 96
0.650853 102
0.157021 94
0.004352 95
1.731258 90
0.768200 107
0.104269 92
0.411610 99
0.412547 91
1.394366 102
0.032866 101
3.454268 95
0.003347 99
0.021409 101
0.016617 93
0.202435 95
9.878776 89
2.364609 39
0.649242 40
0.118026 40
0.132520 40
0.119367 40
0.115464 40
0.114716 40
0.106660 40
0.108069 40
0.121827 40
0.111591 43
0.012603 29
1.041576 23
0.006468 25
0.001800 26
0.001024 26
0.001130 26
0.001298 26
0.002218 26
0.000594 182
0.000057 205
0.000045 52
0.001931 60
0.000678 60
0.038775 61
0.002221 61
0.000281 45
0.053455 46
0.038522 23
0.006150 25
0.001017 26
0.001940 26
0.000938 26
0.001047 26
0.001980 26
0.000873 286
0.000061 153
0.002016 55
0.000399 57
0.141455 53
0.004062 55
0.593461 53
0.511918 59
0.425260 122
0.445920 23
0.004815 25
0.000877 26
0.002305 26
0.000751 26
0.001161 26
0.002027 26
0.000534 439
0.002383 56
0.000352 56
0.163285 35
0.013394 50
0.058669 83
0.004759 25
0.000686 26
0.002079 26
0.000547 26
0.001579 26
0.001487 26
0.000670 439
0.001866 60
0.000257 44
0.048002 45
0.034639 23
0.008114 25
0.001856 26
0.003784 26
0.001086 26
0.000921 26
0.002157 26
0.000786 439
0.002034 61
0.001127 68
0.037307 44
0.034409 23
0.004704 25
0.000678 26
0.002386 26
0.000714 26
0.003039 26
0.000179 26
0.001106 439
0.002439 58
0.000084 58
0.031790 60
0.004847 60
0.000373 44
0.058361 45
0.031256 23
0.005748 25
0.001313 26
0.002173 26
0.001005 26
0.001187 26
0.001891 26
0.000857 286
0.000116 153
0.002338 59
0.004202 53
0.094433 99
0.040048 23
0.006564 25
0.001180 26
0.003212 26
0.000898 26
0.001432 26
0.002213 26
0.000521 439
0.002244 68
0.000547 62
0.029241 75
0.000897 70
0.029081 59
0.000961 60
0.305987 38
0.039797 23
0.006266 25
0.001027 26
0.001746 26
0.001091 26
0.001008 26
0.001910 26
0.000877 208
0.000057 231
0.001984 73
0.000609 68
0.025607 58
0.003116 62
0.000639 46
0.063591 47
0.038309 23
0.004716 25
0.000455 26
0.002222 26
0.000645 26
0.001058 26
0.001975 26
0.000834 439
0.002090 60
0.063680 67
0.088689 45
0.033486 23
0.004638 25
0.000448 26
0.002176 26
0.000587 26
0.000867 26
0.001963 26
0.000469 26
0.001147 413
0.002151 65
0.000410 69
0.060485 48
0.035420 23
0.005194 25
0.000352 26
0.002142 26
0.000426 26
0.000985 26
0.002017 26
0.000567 26
0.001034 413
0.002153 59
0.000117 59
0.055710 44
0.027419 23
0.004550 25
0.000417 26
0.002059 26
0.000587 26
0.000576 26
0.002299 26
0.000854 26
0.000484 413
0.002427 120
0.052167 45
0.029024 86
0.004859 25
0.000184 26
0.001804 26
0.001392 26
0.000394 26
0.001759 26
0.001474 26
0.000427 413
0.002020 110
0.082590 48
0.029926 23
0.004299 25
0.000484 26
0.002301 26
0.000539 26
0.000959 26
0.000940 26
0.002367 26
0.000840 413
0.001966 58
0.000933 63
0.044453 43
0.035788 23
0.004364 25
0.000658 26
0.002122 26
0.000444 26
0.001426 26
0.000605 26
0.002109 26
0.000339 234
0.000192 179
0.002286 62
0.000144 62
0.068473 47
0.036132 23
0.004385 25
0.001171 26
0.000762 26
0.001347 26
0.000665 26
0.000975 26
0.001745 26
0.000866 413
0.001861 58
0.000301 65
0.040117 43
0.031579 23
0.005617 25
0.001096 26
0.001828 26
0.000898 26
0.000864 26
0.001040 26
0.001765 26
0.000904 208
0.000075 205
0.001995 60
0.000643 66
0.136513 45
0.030844 84
0.005096 25
0.000880 26
0.001720 26
0.001112 26
0.000806 26
0.001118 26
0.001949 26
0.000813 208
0.000059 205
0.001957 60
0.000173 44
0.040356 45
0.031409 23
0.006690 25
0.001252 26
0.001530 26
0.000892 26
0.000899 26
0.001028 26
0.001759 26
0.000976 208
0.000071 205
0.001927 70
0.000413 63
0.035581 62
0.000846 53
0.069701 56
0.078289 47
0.232669 66
0.000772 63
0.147282 51
0.029814 23
0.005371 25
0.001004 26
0.001907 26
0.001160 26
0.000738 26
0.001030 26
0.001717 26
0.000969 234
0.000061 179
0.001932 60
0.000480 66
0.087476 45
0.033076 23
0.005989 25
0.000760 26
0.001599 26
0.000896 26
0.000871 26
0.001023 26
0.001767 26
0.000944 208
0.000062 205
0.001948 54
0.000408 55
0.066944 33
0.030776 85
0.006565 25
0.000994 26
0.002322 26
0.001326 26
0.001221 26
0.001687 26
0.002109 26
0.000607 413
0.001974 64
0.000110 45
0.033847 54
0.002897 63
0.000610 38
0.146632 58
0.003038 103
0.035705 64
0.000370 60
0.042206 50
0.003916 58
0.008338 33
0.163393 61
0.004064 68
0.000423 45
0.501604 65
0.003920 68
0.000188 49
0.036511 61
0.003191 109
0.586522 48
0.003513 54
0.000074 3
0.011137 32
0.050396 57
0.003114 105
0.041636 59
0.003448 61
0.000317 42
0.047868 62
0.000308 66
0.184855 61
0.003732 66
0.000137 47
0.036679 73
0.003741 137
0.022709 66
0.003936 123
0.024156 60
0.003569 62
0.000087 43
0.063667 67
0.000364 69
0.052009 60
0.000077 62
0.077565 63
0.000408 65
0.049275 66
0.000367 68
0.037438 58
0.003531 61
0.000359 42
0.058658 61
0.004649 105
0.034292 61
0.003404 68
0.000080 49
0.045928 58
0.003564 59
0.000844 40
1.049571 57
0.004189 68
0.000537 49
0.104043 55
0.003665 64
0.000063 39
0.182410 56
0.003571 103
0.070032 57
0.004761 66
0.000347 41
0.056617 56
0.003860 95
0.029415 51
0.003497 60
0.035727 35
0.089190 56
0.003973 105
0.171285 47
0.005259 55
0.107843 30
0.082446 58
0.007890 63
0.467483 40
0.040342 54
0.004723 58
0.000301 35
0.381477 70
0.004009 72
0.000081 53
0.126643 61
0.004437 69
0.009913 44
0.256644 44
0.331194 54
0.008855 43
0.002345 45
1.137279 82
0.004685 25
0.001763 26
0.001594 26
0.001397 26
0.001862 26
0.002568 26
0.001300 286
0.000065 153
0.002875 66
0.000393 42
0.034669 59
0.003913 60
0.000132 42
0.037628 59
0.004064 116
0.047270 62
0.003614 122
0.038934 69
0.003827 122
0.252603 53
0.004243 96
0.048080 67
0.003962 68
0.000414 50
0.050666 43
0.433435 74
0.006424 25
0.002726 26
0.001062 26
0.001819 26
0.001998 26
0.002424 26
0.000244 439
0.002934 60
0.013725 34
0.045242 58
0.000124 3
0.005375 54
0.062182 61
0.000586 62
0.033178 63
0.034600 62
0.174883 68
0.035524 67
0.095034 69
0.019926 119
0.015165 111
0.004496 70
0.838749 121
0.015566 113
0.140055 68
0.037235 69
0.051954 56
0.004290 110
0.046609 52
0.004234 92
0.144999 62
0.004632 110
0.051636 58
0.000390 53
0.116058 50
0.004347 106
0.078138 59
0.004012 66
0.000319 42
0.055237 60
0.005459 106
0.073553 58
0.004347 60
0.000122 44
0.036808 66
0.004128 69
0.000402 49
0.116945 64
0.004594 114
0.142217 54
0.004273 63
0.006589 37
0.150878 53
0.003975 59
0.000263 35
0.037030 61
0.004664 106
0.031135 46
0.004316 56
0.000142 30
0.051281 52
0.005043 59
0.000148 35
0.073109 57
0.003939 67
0.000306 43
0.032805 52
0.004618 64
0.004299 38
0.088330 53
0.004809 102
0.036051 65
0.004641 70
0.000113 50
0.313097 61
0.004916 112
0.095612 69
0.004535 134
0.297981 52
0.005034 100
0.031794 59
0.004449 63
0.000311 43
0.033250 55
0.004672 104
0.119571 56
0.004925 64
0.000072 38
0.041322 64
0.004784 69
0.000328 49
0.182317 59
0.006544 61
0.000272 41
0.417828 58
0.005382 60
0.000130 40
0.094625 58
0.005662 65
0.000391 45
0.058721 57
0.004665 60
0.000267 40
0.030376 49
0.005118 59
0.000436 33
1.067517 47
0.005172 60
0.000366 32
0.028652 58
0.004515 62
0.000578 42
0.034187 57
0.005853 61
0.000341 41
0.030709 60
0.006392 108
0.024778 58
0.005466 62
0.000331 42
0.073942 58
0.005357 62
0.000539 42
0.042628 58
0.004684 62
0.000839 42
0.062181 59
0.005654 63
0.000747 43
0.046374 57
0.004557 61
0.000384 41
0.026922 62
0.004422 66
0.000479 46
0.044585 62
0.005365 112
0.283241 49
0.005122 92
1.120079 47
0.005475 60
0.000610 32
0.030411 65
0.004941 69
0.000140 49
0.307510 49
0.005782 92
1.151278 47
0.005586 60
0.000305 32
0.027277 48
0.005680 59
0.000431 33
0.072011 56
0.005482 62
0.000146 38
0.097636 49
0.004977 58
0.000086 32
0.037371 52
0.005046 58
0.000239 34
0.132032 59
0.007382 65
0.000213 39
0.032222 51
0.004963 102
0.079944 51
0.005418 61
0.000568 35
0.111481 59
0.006025 67
0.000273 43
0.047048 48
0.006874 104
0.035512 63
0.000089 66
0.049329 49
0.005392 58
0.000352 32
0.790057 48
0.005186 58
0.000143 32
0.049800 58
0.005554 61
0.000080 41
0.063131 60
0.005044 106
0.042321 59
0.005222 62
0.000089 42
0.043043 61
0.005101 64
0.000096 44
0.033466 62
0.005347 65
0.000694 45
0.309613 49
0.005446 90
0.833837 51
0.008877 92
0.063891 57
0.005572 94
0.032325 63
0.004633 69
0.000089 45
0.048822 76
0.005407 83
0.000476 59
0.048322 67
0.005087 124
0.037441 47
0.005673 84
0.038797 62
0.005505 112
0.162758 59
0.006086 106
0.046481 61
0.005824 122
0.039420 51
0.005499 100
0.185232 59
0.005397 128
0.038695 54
0.005192 60
0.000330 36
0.053280 53
0.005920 55
0.000598 31
0.134500 60
0.006163 130
0.108601 58
0.005946 112
3.110906 64
0.011738 73
0.000363 47
0.051474 59
0.006449 120
0.033801 51
0.006082 60
0.000349 34
0.045059 54
0.005619 100
0.135471 63
0.000576 58
0.042209 57
0.000718 56
0.094016 63
0.000426 62
0.023625 171
0.021232 51
0.006117 61
0.000405 35
0.051595 53
0.005884 100
0.072125 55
0.006985 104
0.097116 47
0.006336 57
0.000454 31
0.092613 58
0.006281 110
0.049197 58
0.005930 110
0.053833 49
0.008330 92
0.070563 51
0.011882 61
0.036728 35
0.085139 68
0.006083 78
0.000400 56
0.040805 51
0.005769 106
0.048580 58
0.006356 108
0.096574 56
0.005327 60
0.000145 36
0.028453 61
0.005614 106
0.036473 52
0.005888 94
0.039378 61
0.005746 65
0.000146 45
0.053643 62
0.005386 65
0.000125 45
0.076361 61
0.005158 110
0.156860 61
0.005552 69
0.455980 45
0.050248 64
0.005167 116
0.053575 58
0.006296 112
0.040316 50
0.006682 94
0.039462 58
0.005239 102
0.047135 48
0.005966 88
0.036188 51
0.005730 68
0.000163 42
0.039626 69
0.001540 72
0.063970 57
0.006263 108
0.032098 51
0.005975 100
0.130173 47
0.006227 61
0.072853 33
0.717065 50
0.006466 58
0.000422 34
0.038164 48
0.005699 60
0.000529 34
0.052983 60
0.005944 63
0.000338 43
0.050485 49
0.006864 61
0.000409 35
0.042881 58
0.006031 102
0.034953 55
0.006019 64
0.000464 38
0.043261 64
0.006332 69
0.000533 45
0.043359 54
0.006400 57
0.000322 33
0.027926 59
0.006490 64
0.034656 40
0.039450 49
0.005754 68
0.000384 42
0.033922 61
0.006686 63
0.027029 39
0.032818 47
0.006857 57
0.006707 31
0.092627 50
0.005895 59
0.000437 33
0.042577 66
0.006062 75
0.000465 51
0.049446 69
0.005660 80
0.000587 54
0.029806 67
0.007965 73
0.000305 49
0.033196 64
0.005867 116
0.034518 71
0.006920 76
0.000490 56
0.062610 75
0.006076 80
0.000399 60
0.071798 74
0.006369 138
0.065034 80
0.005194 150
0.081331 64
0.006706 74
0.000204 54
0.052200 69
0.005934 79
0.000106 59
0.048937 73
0.009622 146
0.035070 66
0.006344 128
0.034651 59
0.005705 110
0.193048 56
0.006625 68
0.000503 44
0.055922 58
0.006071 61
0.000144 41
0.040756 61
0.006106 108
0.046783 69
0.006250 124
0.028023 65
0.005872 118
0.030138 59
0.006579 114
0.038696 60
0.006344 62
0.000087 42
0.062220 62
0.006280 65
0.006894 45
0.219595 64
0.006706 112
0.029595 51
0.007701 94
0.046965 48
0.006821 59
0.010045 31
0.031684 48
0.006544 88
0.037191 61
0.006620 68
0.000091 44
0.037501 57
0.005420 65
0.000313 41
0.046188 59
0.005545 66
0.000425 42
0.026713 61
0.005978 112
0.026482 58
0.005924 65
0.000845 41
0.036459 55
0.006188 62
0.000594 38
0.038568 61
0.008987 64
0.000682 44
0.036522 60
0.006253 63
0.000235 43
0.472514 59
0.007191 67
0.000347 47
0.166604 60
0.007627 63
0.000324 43
0.032243 62
0.007376 70
0.000556 48
0.035392 62
0.006497 65
0.000468 45
0.042649 57
0.005666 67
0.000539 45
0.044379 59
0.006357 66
0.000425 44
0.043734 57
0.006539 102
0.039964 55
0.007690 66
0.000161 40
0.090389 56
0.000051 2
0.006937 65
0.000409 43
0.099914 55
0.007221 67
0.000434 43
0.164169 48
0.006812 62
0.012580 36
0.108116 51
0.006769 94
0.031280 56
0.008051 62
0.000671 38
0.365241 51
0.008027 92
0.045830 47
0.006373 68
0.000091 40
0.119226 54
0.006692 63
0.000264 37
0.029161 50
0.007350 58
0.000449 32
0.045259 49
0.006639 58
0.000372 32
0.079321 58
0.007076 108
0.054985 51
0.007959 64
0.030386 38
0.118418 50
0.008109 56
0.000058 1
0.000032 2
0.006607 33
0.112814 60
0.006750 68
0.000359 42
0.131063 55
0.007711 61
0.004302 35
0.045102 48
0.007023 69
0.000412 41
0.044063 52
0.006908 58
0.000657 34
0.036439 50
0.006450 60
0.000669 34
0.084921 48
0.008458 55
0.016018 29
0.067718 56
0.007033 118
0.048553 49
0.007067 88
0.050346 52
0.008864 104
0.062999 48
0.010821 56
0.000754 30
0.106825 61
0.007746 66
0.018139 42
0.038094 51
0.007663 67
0.023686 39
0.193040 50
0.008087 60
0.000541 34
0.065717 51
0.009261 63
0.000429 37
0.033957 57
0.007406 65
0.014022 39
0.051551 47
0.007609 90
0.062136 54
0.008186 59
0.017523 35
0.456506 47
0.009154 54
0.018126 28
0.132102 55
0.007782 116
0.058367 47
0.000451 44
0.000785 43
0.000316 45
0.000414 45
0.000347 44
0.000590 36
3.850903 45
0.000805 35
0.001201 38
0.001185 36
0.011084 43
0.000208 34
0.000772 55
0.000611 60
0.001381 39
0.000948 60
0.000654 53
0.001516 43
0.000424 37
0.041343 41
0.000072 37
0.424600 97
0.040079 46
0.002596 36
0.002243 38
0.002228 44
0.002398 42
0.000295 44
0.003253 47
0.000183 35
0.450233 42
0.002302 43
0.002154 47
0.011092 40
0.006407 85
0.000814 44
0.000304 44
0.000530 50
0.000292 34
0.318785 32
0.035200 50
0.000085 46
0.000753 47
0.000679 34
0.006906 95
0.019349 81
0.001183 43
0.000490 35
0.308770 51
0.471132 52
0.048523 46
0.002577 31
0.001919 66
0.001398 48
0.000663 50
0.000773 79
0.000522 46
0.000766 46
0.000478 39
0.000400 44
0.000752 33
0.092195 52
0.399419 43
0.002748 44
0.002484 36
0.000966 43
0.000487 44
0.000550 51
0.000504 45
0.000631 42
0.000656 45
0.000643 33
0.000804 41
0.000041 3
0.000660 38
0.003502 3
0.005495 49
0.000676 44
0.000413 64
0.007024 46
0.000726 48
0.016367 74
0.000383 31
0.101371 47
0.000887 48
0.000640 36
0.054217 36
0.001524 44
0.001781 36
0.094460 52
0.002011 42
0.000930 41
0.077333 43
0.000901 36
0.006547 43
0.000849 43
0.027277 47
0.001010 30
0.064698 35
0.000384 77
0.000365 71
0.992036 52
0.002546 50
0.002479 43
0.749707 38
0.001413 49
0.414869 44
0.054205 39
0.259793 41
0.002285 54
0.002477 48
0.001689 39
0.000337 50
0.000308 34
0.408879 45
0.001666 48
0.002954 45
0.002405 50
0.001755 40
0.054567 90
0.041670 46
0.000539 48
0.000546 42
0.000604 44
0.002068 44
1.648060 45
2.437156 30
0.054760 39
0.000782 57
0.000591 42
0.001026 43
0.000386 44
0.001123 52
0.000403 40
0.012020 34
0.000687 62
2.642513 50
0.020339 23
0.040190 42
0.000628 41
0.000768 46
0.000613 40
0.000784 43
0.000639 32
0.060320 57
0.001691 44
0.001598 45
0.001201 53
0.000970 44
0.001447 44
0.001054 41
0.001381 43
0.001500 41
0.000688 64
0.029643 112
0.020461 34
0.000574 33
0.010904 35
0.000501 45
0.000871 42
0.000838 46
0.827080 51
0.000450 39
0.031714 145
0.000667 42
0.010005 42
0.001113 38
0.001052 60
0.000943 47
0.001040 36
0.028125 121
0.005803 123
0.004747 121
0.028811 46
0.021283 45
0.000868 46
0.001021 41
0.000460 61
0.000888 38
0.008284 42
0.000820 43
0.000688 36
0.000676 39
0.001165 53
0.000749 41
0.741355 52
0.002977 38
0.003118 29
0.086372 35
0.544441 41
0.017828 57
0.029738 35
0.007821 105
0.006590 39
0.000410 36
0.000899 31
0.000759 33
0.021864 51
0.000436 52
0.001403 53
0.000544 48
0.001288 38
0.061944 32
0.045265 40
0.000633 34
0.000549 39
0.557618 33
0.001070 40
0.000727 52
0.000525 45
0.000691 34
0.325753 40
102.050055 47
0.001694 43
0.002639 42
0.002617 33
0.001999 47
0.000615 35
0.000399 40
0.000593 36
0.027282 42
0.000515 32
0.000731 37
0.005790 102
0.004483 55
0.000456 49
0.000757 50
0.000389 53
0.000550 46
0.000897 46
0.000255 41
0.008535 37
0.000256 43
0.000843 44
0.000722 47
0.000241 39
0.000703 37
1.616242 36
0.000445 43
0.000797 43
0.000136 49
0.010232 50
0.000273 55
0.000655 46
0.000791 39
0.006370 105
0.001917 38
0.000066 35
0.000930 60
0.000866 96
0.001068 35
0.254091 50
0.002580 43
0.002582 34
0.002466 40
0.001698 33
0.000721 34
0.000406 34
0.000178 35
0.000531 35
0.000792 43
0.358729 34
0.062017 35
0.000216 36
0.152619 29
0.133151 30
0.014685 30
0.120042 30
0.013712 30
0.110682 33
0.107591 30
0.126112 30
0.116287 25
0.113489 23
0.117073 29
0.119814 23
0.112964 24
0.120598 31
0.117490 28
0.112224 26
0.103573 27
0.109091 26
0.111547 30
0.118024 25
0.120055 39
0.120560 41
0.114937 26
0.118019 31
0.113683 29
0.060020 86
0.103503 35
0.942395 52
0.399132 245
0.013285 33
0.000668 33
0.017175 33
0.061908 85
0.007880 97
0.003918 40
0.011271 57
0.003301 35
0.002778 43
0.002986 36
0.003077 33
0.000951 51
0.000768 34
0.004954 32
0.027621 43
0.023084 32
0.002348 33
0.003017 44
0.003032 40
0.011904 89
0.006325 97
0.006588 91
0.006234 93
0.012788 87
0.008682 91
0.010369 87
0.021542 48
0.016196 57
0.014457 45
1.883199 80
0.006006 8
0.011366 54
2.112465 5
0.000597 41
0.007826 51
0.005024 83
0.640199 65
0.005220 22
0.002937 32
0.008727 58
0.007209 61
0.003734 36
0.005106 15
0.004165 65
0.005582 54
0.007220 13
0.001953 55
0.000245 9
0.000642 8
0.003166 26
0.004985 26
0.000735 24
0.008601 75
0.005836 21
0.000904 38
0.010883 47
0.003481 41
0.003881 8
0.345272 21
0.000054 24
0.622881 23
0.016359 82
0.102951 36
0.044375 27
6.262737 3
0.033737 41
1.205960 3
0.010152 63
2.999171 27
