0.010241 17
0.003571 27
0.181779 11
0.006678 14
0.006648 38
0.000050 53
0.582600 29
0.519353 64
0.039230 64
0.234355 66
0.013722 33
1.012260 33
0.456975 68
0.000713 33
0.010082 37
0.236219 166
1.898029 67
0.041397 158
0.014022 233
0.110230 114
0.077163 12
0.060497 28
0.086823 25
0.063390 21
0.056284 22
0.033039 58
0.046294 54
0.033053 45
0.000170 97
0.002213 50
0.022446 14
0.009664 50
0.004966 62
0.004147 7
0.004353 12
0.001921 17
0.005139 17
0.010810 285
0.116766 40
0.033779 26
0.012366 24
0.083453 25
0.008599 25
0.131528 51
0.225879 47
0.503964 70
0.129652 41
0.007835 41
0.031061 42
0.010382 42
0.027434 41
0.006287 41
0.025546 36
0.028293 36
0.064601 37
0.006494 37
0.026606 35
0.006888 35
0.035458 36
0.008898 36
0.025868 37
0.009470 37
0.029388 48
0.011269 48
0.031176 33
0.011588 33
0.033251 36
0.010776 36
0.028748 37
0.006669 37
0.028612 38
0.007103 38
0.030336 35
0.008330 35
0.033197 29
0.016144 29
0.039220 28
0.030212 28
0.063736 41
0.019574 41
0.043250 30
0.007526 30
0.030841 34
0.006565 34
0.028322 40
0.007995 40
0.027152 31
0.009226 31
0.031229 37
0.011806 37
0.029616 34
0.007211 34
0.029026 41
0.011809 41
0.037430 44
0.007913 44
0.032241 40
0.009663 40
0.029576 32
0.012742 32
0.037276 29
0.008010 29
0.034044 36
0.008171 36
0.028874 42
0.009629 42
0.032947 36
0.009699 36
0.034694 45
0.008031 45
0.028282 50
0.007377 50
0.033348 38
0.011924 38
0.028686 42
0.009201 42
0.031388 35
0.015168 35
0.040356 25
0.015702 25
0.042934 43
0.005765 43
0.034382 35
0.006632 35
0.029908 41
0.019018 41
0.052722 47
0.008634 47
0.027722 50
0.009416 50
0.028820 37
0.006496 37
0.030447 34
0.008383 34
0.029297 44
0.008968 44
0.032111 36
0.007015 36
0.029350 32
0.026575 32
0.063306 26
0.006743 26
0.026403 31
0.301655 31
0.038356 39
0.010889 39
0.046574 40
0.009503 40
0.035923 39
0.006546 39
0.031321 34
0.007123 34
0.029759 30
0.007475 30
0.028880 26
0.016826 26
0.052635 32
0.007471 32
0.026605 35
0.009129 35
0.023378 36
0.006240 36
0.024348 45
0.007160 45
0.027922 42
0.006504 42
0.028428 39
0.008006 39
0.042551 46
0.008981 46
0.040717 43
0.015577 43
0.052198 31
0.007137 31
0.027590 49
0.006251 49
0.028658 45
0.008273 45
0.029368 40
0.008749 40
0.031296 31
0.005693 31
0.030451 32
0.007658 32
0.029280 36
0.006247 36
0.028863 40
0.007546 40
0.033523 38
0.007150 38
0.028211 45
0.009348 45
0.035999 48
0.005953 48
0.029510 43
0.008324 43
0.027553 48
0.004980 48
0.029422 46
0.005364 46
0.028669 35
0.009050 35
0.029609 33
0.007452 33
0.031226 31
0.006690 31
0.030602 33
0.008271 33
0.025790 43
0.008469 43
0.027055 44
0.006939 44
0.027100 31
0.005207 31
0.024245 34
0.007166 34
0.033645 44
0.007373 44
0.031138 44
0.007135 44
0.027059 48
0.007194 48
0.024785 45
0.033373 45
0.045998 34
0.013614 34
0.039421 29
0.007056 29
0.028874 47
0.006462 47
0.026545 43
0.007569 43
0.027971 30
0.011926 30
0.046795 44
0.007899 44
0.029436 41
0.007510 41
0.029995 36
0.007363 36
0.028158 46
0.011827 46
0.033890 34
0.006971 34
0.025138 39
0.006803 39
0.025961 30
0.006817 30
0.028870 43
0.010497 43
0.035156 32
0.006246 32
0.027249 37
0.015116 37
0.048868 27
0.007662 27
0.033882 29
0.006984 29
0.028517 32
0.006839 32
0.028780 31
0.051772 31
0.037116 31
0.005947 31
0.026350 39
0.011190 39
0.030970 31
0.005623 31
0.024798 40
0.006672 40
0.028821 51
0.006209 51
0.028749 37
0.005208 37
0.024846 33
0.005971 33
0.028889 44
0.006566 44
0.027425 48
0.005559 48
0.027352 50
0.058686 50
0.033032 35
0.005915 35
0.029173 50
0.005512 50
0.027390 50
0.007132 50
0.027160 49
0.006243 49
0.028888 53
0.006290 53
0.025312 37
0.006579 37
0.026726 47
0.006873 47
0.030854 49
0.009832 49
0.031609 31
0.006854 31
0.027526 35
0.008394 35
0.033866 41
0.005653 41
0.029971 61
0.009649 61
0.034896 61
0.012597 61
0.049280 39
0.010471 39
0.032463 39
0.008577 39
0.033494 25
0.011737 25
0.028566 28
0.008046 28
0.025496 39
0.070648 39
0.055034 40
0.016432 40
0.043163 39
0.009828 39
0.036704 33
0.005914 33
0.034816 33
0.006599 33
0.026144 36
0.019542 36
0.035068 31
0.006947 31
0.029967 36
0.006322 36
0.026125 42
0.007762 42
0.027194 42
0.015327 42
0.036867 37
0.006108 37
0.027257 62
0.006456 62
0.025650 53
0.006449 53
0.029191 51
0.007236 51
0.029130 50
0.007823 50
0.030742 45
0.005915 45
0.028558 33
0.009902 33
0.031572 40
0.006829 40
0.027801 36
0.006262 36
0.029639 35
0.006358 35
0.027099 47
0.006653 47
0.029582 33
0.011814 33
0.025452 35
0.017048 35
0.041954 38
0.030633 38
0.068843 31
0.013137 31
0.044173 36
0.007338 36
0.029672 32
0.007838 32
0.034553 28
0.011687 28
0.041486 50
0.006935 50
0.033455 49
0.011833 49
0.040360 60
0.007830 60
0.030482 27
0.009389 27
0.030791 48
0.013638 48
0.041666 51
0.009355 51
0.035723 39
0.005793 39
0.030185 38
0.006978 38
0.030177 32
0.009002 32
0.028710 55
0.006842 55
0.028445 33
0.007788 33
0.030261 47
0.009495 47
0.033632 37
0.005502 37
0.030362 40
0.007942 40
0.026076 42
0.011398 42
0.034972 25
0.008653 25
0.036149 45
0.006392 45
0.030692 43
0.007784 43
0.025184 38
0.006774 38
0.027868 37
0.008613 37
0.036195 39
0.007666 39
0.028328 46
0.007582 46
0.031050 44
0.009703 44
0.035284 34
0.012218 34
0.039861 37
0.005798 37
0.028030 37
0.009195 37
0.037444 41
0.008372 41
0.033274 37
0.005599 37
0.024876 44
0.007242 44
0.027113 36
0.007348 36
0.025094 41
0.006640 41
0.028480 45
0.007285 45
0.036054 44
0.012227 44
0.042991 53
0.005810 53
0.027114 48
0.009124 48
0.034314 33
0.075784 33
0.054350 41
0.009321 41
0.034530 47
0.051130 47
0.097090 39
0.013104 39
0.044582 49
0.158572 34
0.013655 29
0.021591 26
0.012399 24
0.346525 29
0.014135 28
0.016660 29
0.012498 27
0.026303 36
0.018843 27
0.043082 30
0.018850 25
0.019563 27
0.011960 26
0.013169 22
0.091916 23
0.178030 28
0.214083 26
0.029951 27
0.022810 37
0.011482 28
0.039250 32
0.021919 31
0.020582 27
0.087288 37
0.022176 33
0.047684 25
0.105965 38
0.021262 33
0.011936 30
0.022914 28
0.031576 31
0.024747 28
0.322793 29
0.020779 36
0.013515 30
0.013792 23
0.023547 23
0.173230 29
0.015023 27
0.022486 27
0.009466 33
0.046510 28
0.040621 27
0.038002 27
0.017040 28
0.027100 25
0.020028 28
0.017866 28
0.032583 28
0.028830 32
0.017533 29
0.128702 28
0.119100 28
0.077596 23
0.043274 23
0.022824 27
0.009285 24
0.035103 33
0.016373 26
0.015199 27
0.009761 26
0.015405 30
0.020436 32
0.021261 23
0.009744 27
0.130290 24
0.103653 23
0.019516 31
0.028772 30
0.027138 22
0.038985 25
0.303993 32
4.996044 35
0.140117 33
0.043883 34
0.073766 31
0.060909 29
1.195196 34
0.042414 33
0.050027 34
0.079010 32
0.168789 35
0.124365 32
0.093597 35
0.085537 30
0.152707 32
0.078480 31
0.170759 21
1.073079 22
1.171974 27
0.877826 25
0.390901 32
0.143220 36
0.091906 33
0.084804 37
0.059160 36
0.060646 32
0.170938 36
0.094632 38
0.420194 24
0.679041 37
0.126435 32
0.195202 29
0.305902 33
0.190110 36
0.067033 27
1.523582 28
0.081823 41
0.084278 29
0.293599 22
0.204453 22
0.996133 34
0.105368 26
0.199110 26
0.132005 32
0.825198 27
0.469055 32
0.215968 32
0.224339 33
0.223200 30
0.175561 33
0.128935 33
0.068791 33
0.193624 37
0.270677 28
0.609966 27
2.336264 27
2.168103 22
1.188652 22
0.219527 26
0.100023 23
0.235084 32
0.227257 25
0.302688 26
0.096222 25
0.258228 29
0.282901 31
0.239766 22
0.045655 26
0.587619 23
1.198825 22
1.397076 30
0.475611 29
0.244408 21
0.496593 24
1.270400 37
0.025372 36
0.005696 28
0.006483 34
0.011737 32
0.026124 38
0.040623 35
0.044467 31
0.312772 28
0.007711 36
0.019840 28
0.022095 43
0.007390 29
0.007533 27
0.019988 36
0.010241 36
0.006537 35
0.038032 33
0.055739 39
0.014500 39
0.007209 35
0.022790 35
0.007323 34
0.024754 32
0.056642 34
0.008542 31
0.292859 34
0.005568 31
0.015009 38
0.007627 34
0.006598 32
0.008481 28
0.006891 37
0.006392 24
0.015667 28
0.006519 34
0.023760 30
0.031935 37
0.008403 29
0.013763 33
0.007838 31
0.008121 23
0.007085 29
0.012661 23
0.015660 35
0.006661 38
0.015201 24
0.014593 29
0.008094 24
0.010184 27
0.296062 26
0.329315 24
0.005554 24
0.424310 39
0.014336 34
0.248274 38
0.015947 24
0.089722 40
0.042057 34
0.352429 26
0.070979 25
0.028390 34
0.016298 35
0.007139 35
0.008802 25
0.009295 35
0.040998 30
0.162061 29
0.008827 34
0.006193 27
0.112357 31
1.236566 33
0.281273 24
0.003240 28
0.019731 33
1.314542 25
0.217250 22
0.250879 40
0.201097 34
0.243309 37
0.723874 21
1.282368 33
0.294370 33
0.131644 36
0.169652 36
0.153076 38
0.664409 21
0.236695 27
0.882201 32
0.093560 31
0.047836 36
0.047094 39
0.070266 36
0.128400 33
0.111382 40
0.332505 35
0.256454 31
0.079372 35
0.096540 30
0.239872 23
0.177531 22
0.478138 22
0.134206 35
0.118524 40
0.210076 36
0.073721 40
0.085589 39
0.079189 30
0.822309 27
0.256875 32
0.167459 34
0.119978 24
0.470147 23
0.816585 30
0.327192 33
0.094925 22
0.081738 34
0.075943 33
0.101655 32
0.072937 29
0.449868 32
0.185239 23
0.471221 31
0.466588 31
0.176465 26
0.314175 26
0.173273 33
0.120053 33
0.177645 32
0.060525 36
0.172392 37
0.191631 47
0.055152 26
0.245750 32
0.116696 34
0.066859 30
0.154049 34
0.231272 34
1.194458 33
1.731200 33
0.165705 22
0.318551 22
0.318227 27
0.809197 32
0.137768 26
0.165101 32
0.066146 35
0.115865 31
0.134067 35
0.083066 34
0.094473 35
0.423783 31
0.199467 43
0.151742 34
0.266338 32
0.268506 37
0.388823 42
0.234038 33
0.368976 35
1.200128 36
0.166057 32
0.378474 34
0.081529 32
0.103229 35
0.305968 25
1.286609 27
0.070283 22
0.643002 27
0.388492 25
0.121112 32
0.818609 37
0.224707 33
0.109908 37
0.079070 31
0.085379 32
0.123374 33
0.072943 39
0.091970 36
0.063480 35
0.141701 25
0.280319 26
0.144648 30
0.908439 25
0.728624 21
0.265859 28
0.611294 26
0.431564 22
0.706499 26
0.086204 26
0.276911 35
0.251651 31
0.157349 32
0.264514 35
0.243466 40
0.110632 36
0.078281 31
0.485826 37
0.124978 32
0.428564 22
0.896698 37
0.183561 29
3.514743 21
0.255291 35
0.023197 34
0.006736 37
0.007248 35
0.009351 34
0.014982 36
0.006691 24
0.013012 34
0.005019 28
0.006022 24
0.245245 35
0.005954 36
0.005624 39
0.008351 23
0.014142 24
0.023429 38
0.010346 35
0.024494 29
0.066586 38
0.011722 33
0.011182 34
0.005865 38
0.007574 33
0.007468 24
0.006095 33
0.008751 45
0.007084 44
0.007707 36
0.006736 37
0.008254 38
0.006285 34
0.007309 33
0.007478 36
0.010549 23
0.289228 34
0.005141 37
0.009058 36
0.006671 32
0.008673 25
0.008417 35
0.014138 26
0.061861 37
0.288863 24
0.016516 34
0.009032 35
0.005616 28
0.006695 38
0.010174 39
0.006011 35
0.287585 28
0.034699 42
0.028657 38
0.004938 29
0.007264 30
0.007313 38
0.005987 33
0.007031 42
0.006686 39
0.017070 31
0.246203 36
0.007715 33
0.005996 42
0.006198 38
0.012152 32
0.037832 37
0.006637 29
0.009962 27
0.319095 36
0.005158 35
0.025185 24
0.568671 33
0.007723 36
0.025044 27
2.109763 29
0.008357 34
0.020742 27
0.078789 37
0.008889 35
0.005635 34
0.021048 27
0.011003 32
0.017678 34
0.011103 28
0.055448 39
0.007992 40
0.012090 25
0.804544 37
0.011298 24
0.079868 35
0.005301 49
0.012375 34
0.014330 23
0.066769 33
0.007506 36
0.006869 34
0.010000 42
0.005185 24
0.031233 28
0.005995 41
0.015188 35
0.006746 37
0.006833 28
0.007093 41
0.049652 37
0.739483 23
1.703156 35
0.017614 37
0.009082 31
0.006601 38
0.023677 28
0.545688 29
0.005122 32
0.007052 28
0.007056 25
0.007965 37
0.019476 33
0.013505 34
0.008304 39
0.007652 24
0.007289 35
0.010558 42
0.014842 34
0.174583 41
0.008090 39
0.006901 39
0.022365 34
1.857001 27
0.309974 32
0.010211 28
0.042098 40
1.131195 27
2.013920 43
0.017712 51
0.002711 83
13.165129 39
0.054104 38
0.003205 34
0.331927 12
0.004470 12
0.002324 54
0.001855 97
0.039815 113
0.000080 2
0.009793 122
0.000048 57
0.424605 13
0.000112 77
0.080043 12
0.000100 40
0.050410 56
0.000273 51
0.000096 79
0.060633 176
0.001393 52
1.074097 7
0.002748 26
0.627699 69
0.078512 70
0.050454 71
0.239116 79
4.244485 80
2.581675 81
4.530826 36
0.011741 24
3.839912 2
0.106852 7
0.002475 70
0.023397 24
0.046569 2
0.017601 27
0.530182 2
0.901344 41
0.003522 34
0.016489 165
0.020600 122
0.552870 23
0.005724 155
0.000284 182
0.003586 26
0.001226 26
0.001118 26
0.000978 26
0.001464 26
0.001885 26
0.001610 101
0.001684 47
0.027504 37
0.021501 52
0.178703 23
0.002565 337
0.002390 26
0.001297 26
0.001047 26
0.001170 26
0.001262 26
0.001934 26
0.001677 101
0.002235 75
1.143579 44
0.020996 24
0.047122 2
0.016538 27
0.484526 32
0.740932 54
0.003949 54
0.047987 47
0.004025 65
0.032899 66
0.000041 102
0.934020 90
0.120698 93
0.005234 95
0.001327 95
0.007652 92
0.114467 98
0.039487 33
0.719966 73
0.002307 337
0.003576 26
0.001339 26
0.001246 26
0.001205 26
0.001403 26
0.001963 26
0.001848 101
0.001859 55
0.002435 31
0.047969 56
0.002176 59
0.001906 37
0.038093 58
0.002688 61
0.002075 39
0.042094 53
0.002782 59
0.002158 37
0.103812 49
0.007646 57
0.021434 33
0.154538 54
0.001063 62
0.003737 38
0.151609 38
0.013339 40
0.046953 38
0.135622 34
0.257584 32
0.006287 39
0.963353 72
0.002710 90
0.032811 34
0.082511 18
0.005496 7
0.311134 66
0.006686 13
0.238526 73
0.026634 24
0.049739 2
0.019045 27
0.546354 32
0.100458 60
0.994547 78
0.004474 262
0.000225 215
0.000141 66
0.000207 72
0.000146 157
0.000286 362
0.000178 210
0.000032 74
0.000029 79
0.000167 282
0.000162 68
0.000118 74
0.000118 75
0.000118 72
0.000130 156
0.000146 76
0.000031 72
0.000131 78
0.000031 72
0.000131 151
0.000026 78
0.000274 76
0.000126 76
0.000029 73
0.000129 78
0.000027 76
0.000149 79
0.000028 72
0.000128 77
0.000118 76
0.000164 72
0.000362 74
0.000296 71
0.000080 134
0.000216 74
0.000133 77
0.000214 96
0.005740 250
0.000045 299
0.000093 148
0.000112 1131
0.347047 200
0.000095 65
0.000159 297
0.000215 154
0.000157 76
0.000158 145
0.000301 350
0.000054 138
0.000227 152
0.000344 290
0.000218 71
0.000140 77
0.000156 221
0.000134 71
0.000112 144
0.000028 75
0.000129 80
0.000404 139
0.000139 144
0.000130 76
0.000108 150
0.000414 80
0.000117 74
0.000300 77
0.000334 223
0.000144 76
0.000113 80
0.000270 85
0.002080 42
0.000566 79
0.000610 79
0.000441 77
0.000258 65
0.000142 77
0.000680 73
0.000218 77
0.001364 73
0.000165 47
0.027108 171
0.307849 108
0.161324 112
0.068177 99
0.044619 108
0.163284 108
0.006484 98
0.058223 91
0.056907 104
0.113815 109
0.488316 104
0.086992 90
1.798319 111
0.764388 90
0.199973 105
0.099396 107
0.082984 109
1.209719 92
0.238718 104
0.047556 103
0.003194 99
0.066739 96
0.079969 96
0.008818 95
0.000176 2
0.119114 97
0.010441 97
0.278686 102
0.151069 103
0.000048 2
0.052847 93
0.309858 104
0.165638 106
0.003335 113
0.005458 98
0.658498 111
0.008861 99
0.078522 97
0.204177 101
0.039701 96
0.075021 97
0.045355 100
0.145533 96
0.015277 99
0.129979 96
0.009045 99
0.449466 98
0.003713 101
0.067004 93
0.151462 97
0.327891 88
0.525014 97
0.174280 92
0.191761 95
0.191354 105
0.026782 102
0.108151 105
0.031966 103
0.068324 99
0.012262 97
0.254617 97
0.009869 99
0.019428 93
0.371851 104
0.838832 104
0.017728 100
1.232431 92
0.103220 108
0.094760 106
0.308115 104
0.006227 103
0.042384 94
0.008631 95
0.027720 97
0.571709 108
0.182522 97
0.072373 106
0.003400 105
0.002131 96
0.005955 95
0.000969 96
0.021950 99
0.000094 2
0.032940 111
0.000035 2
0.024732 106
0.002832 96
0.060015 101
0.047057 94
0.113444 97
0.045147 101
0.013030 96
0.087772 97
0.004708 101
0.038058 94
2.789572 102
0.233023 99
0.355161 97
0.060987 100
0.067331 94
0.078485 98
0.456170 89
0.191642 97
0.034836 93
0.961431 89
0.009509 111
0.163819 109
0.400282 102
0.011226 96
0.027007 111
0.429993 100
0.144252 105
0.010380 95
0.019875 95
0.081180 96
0.022019 96
0.343702 100
0.171062 102
2.256369 100
0.065637 102
0.058294 93
0.386445 104
0.138357 99
0.050589 92
0.257088 102
0.030985 98
0.002082 90
0.047392 93
0.061281 96
0.185332 97
0.106512 94
0.152208 95
0.200467 95
0.009779 94
2.142468 93
0.000806 97
0.006714 105
0.558976 100
0.100151 115
0.450827 98
0.036371 97
0.024443 96
0.004934 98
0.003010 96
0.111233 96
0.032331 96
0.073900 97
0.021251 96
0.004140 100
0.016115 101
0.926723 94
2.093712 92
0.000765 98
0.048762 105
0.294861 96
0.895083 94
0.214733 94
0.002373 104
0.012208 119
0.001549 110
0.002044 97
0.453368 92
0.031453 93
0.143634 93
0.861357 94
0.079672 90
0.008521 101
0.437979 97
0.048315 105
0.017284 98
0.357572 111
0.007848 94
0.039561 92
0.000321 2
0.207114 96
0.024895 98
0.290146 106
0.357431 104
0.540371 93
0.103477 109
0.427769 108
0.411524 99
0.079606 107
0.347213 105
0.314650 106
0.345537 100
0.490650 87
0.002783 100
0.007100 101
0.001937 97
0.067069 103
0.219453 101
0.248949 98
0.293152 94
0.000653 95
0.015574 91
0.020924 93
0.025867 98
0.023304 100
0.171846 104
0.386044 94
2.855006 191
0.001650 97
0.102690 95
0.509638 101
0.000255 100
0.001722 108
0.004594 105
0.004002 105
0.004383 96
0.014902 101
0.006085 97
0.032219 99
0.112283 97
0.010592 93
0.065380 103
9.995670 107
0.101537 94
0.017455 98
0.251908 98
0.011576 92
0.191438 98
0.120152 96
0.129316 98
0.172965 100
0.438434 92
0.250431 103
0.151526 103
0.113392 94
0.183575 96
0.188796 100
0.014086 110
0.027541 117
0.004346 97
0.000557 103
0.155552 101
0.022744 101
0.128186 89
0.015665 98
0.017569 95
0.021554 99
0.045333 99
0.196235 101
0.272498 103
0.092792 102
0.262529 100
0.032903 94
0.013504 95
0.026458 92
0.025209 102
0.001289 104
0.140874 101
0.002360 96
0.459497 94
1.706852 93
0.213297 99
0.065439 97
0.130963 104
1.568381 95
0.013035 97
0.047018 96
0.009608 96
0.031562 99
0.016436 104
0.032548 91
0.001274 99
0.014357 103
0.008084 96
0.237926 91
0.173440 95
0.014769 97
0.668958 103
0.020760 110
0.009718 115
0.002495 107
0.001902 105
0.002102 110
0.082371 114
0.068156 113
0.065184 119
0.071635 107
0.017037 98
0.004735 95
0.072262 96
0.067152 103
0.054664 108
0.069152 113
0.026593 118
0.006301 112
0.006116 101
0.017855 102
0.289068 94
0.010967 98
0.035403 102
0.086932 111
0.076984 100
0.027276 108
0.011566 106
0.003009 102
0.221506 99
0.002509 104
0.006750 102
0.048406 102
0.282400 101
0.217954 101
0.019330 96
0.069365 105
0.341682 106
0.017542 101
0.000660 94
0.083717 183
0.004267 103
0.002675 100
0.008305 100
0.000435 103
0.043706 100
0.021709 97
0.020470 99
0.009296 98
0.860361 102
0.273127 98
0.022733 103
0.025841 98
0.000607 100
0.001582 98
0.004884 95
0.121516 98
0.086273 97
0.512190 103
0.004211 94
0.204504 102
0.040234 96
0.185068 97
0.116114 94
0.003773 97
0.403027 94
0.026977 100
0.175729 97
0.001932 92
0.052841 96
0.009712 92
0.019549 93
0.090342 100
0.037789 98
0.168002 93
0.131339 102
0.187639 95
0.019194 101
0.053194 92
0.008784 94
0.182160 110
0.093391 95
0.012903 89
0.063714 106
0.049520 91
0.037178 97
0.022056 94
0.000340 2
0.039873 90
0.156976 102
0.006981 100
0.450815 94
0.044318 98
0.010856 100
0.013234 91
0.066954 96
1.021044 90
0.219828 93
0.001386 40
0.817414 39
0.146228 40
0.172776 40
0.160258 40
0.138556 40
0.144902 40
0.138570 40
0.134987 40
0.141339 40
0.135679 40
0.142959 40
0.145327 40
0.126243 43
0.008926 29
1.227724 360
0.004206 26
0.001572 26
0.001300 26
0.001220 26
0.001458 26
0.002165 26
0.001898 49
0.000038 52
0.003068 60
0.166380 60
0.923597 61
0.003815 61
0.002702 45
0.473980 46
0.117063 23
0.003949 51
0.000094 286
0.003298 26
0.001571 26
0.002055 26
0.000942 26
0.001649 26
0.002714 26
0.001799 101
0.001808 55
0.016547 57
0.816401 53
0.030244 55
1.837382 53
0.512919 59
0.955060 38
0.002281 84
0.490539 23
0.003707 51
0.000068 104
0.000152 156
0.000117 26
0.004821 26
0.001750 26
0.001149 26
0.001547 26
0.001243 26
0.002050 26
0.001960 101
0.001726 56
0.005561 56
0.507980 35
0.157397 50
0.157823 83
0.002924 259
0.000054 78
0.003526 26
0.001540 26
0.001074 26
0.002359 26
0.001051 26
0.002515 26
0.002170 101
0.002796 59
0.003553 43
0.289231 44
0.176435 360
0.002408 26
0.001693 26
0.001408 26
0.002041 26
0.002346 26
0.002208 26
0.001720 101
0.002196 60
0.007500 67
0.199798 43
0.104674 23
0.003161 233
0.000047 104
0.004661 26
0.001832 26
0.001318 26
0.002347 26
0.001035 26
0.001401 26
0.001706 101
0.002131 58
0.006426 58
0.045427 120
0.001575 44
0.199312 45
0.125239 23
0.001447 77
0.000029 78
0.000202 182
0.004006 26
0.001211 26
0.002296 26
0.000571 26
0.001389 26
0.003322 26
0.002790 101
0.002526 59
0.023295 53
0.411521 38
0.058102 61
0.756142 23
0.001692 337
0.003530 26
0.003089 52
0.001369 26
0.001331 26
0.002681 26
0.001517 101
0.001942 71
0.006427 81
0.079723 56
0.046951 23
0.003181 51
0.000240 26
0.000087 260
0.004389 26
0.001478 26
0.001199 26
0.001774 26
0.001569 26
0.002509 26
0.002202 98
0.000054 3
0.002186 75
0.006401 85
0.089517 60
0.087543 82
0.002722 337
0.003150 26
0.001306 26
0.000888 26
0.001662 26
0.001260 26
0.001991 26
0.002007 49
0.000030 52
0.002116 65
0.002376 49
0.248605 50
0.077322 23
0.001027 337
0.003790 26
0.001493 26
0.001019 26
0.001561 26
0.001565 26
0.002157 26
0.002114 101
0.001856 71
0.021430 81
0.196704 56
0.089463 85
0.002853 337
0.004348 26
0.001869 26
0.001282 26
0.001877 26
0.001670 26
0.001846 26
0.001693 101
0.001845 68
0.002209 52
0.143181 53
0.081801 23
0.002443 337
0.003202 26
0.003986 78
0.001383 26
0.001826 26
0.001666 101
0.001784 71
0.009217 81
0.721902 56
0.125074 23
0.001818 337
0.003530 26
0.001600 26
0.000895 26
0.001558 26
0.003206 26
0.002315 26
0.002465 101
0.001880 67
0.007899 71
0.237093 72
0.016889 76
0.016588 55
0.686815 49
0.003603 67
0.027033 45
0.271949 46
0.209361 23
0.002473 337
0.002888 26
0.002076 26
0.000871 26
0.001319 26
0.001280 26
0.002051 26
0.002028 101
0.002185 58
0.067636 51
1.067725 35
0.051690 59
0.143337 23
0.003350 25
0.000232 312
0.004381 26
0.001963 26
0.000970 26
0.001276 26
0.001294 26
0.001780 26
0.001823 101
0.001891 67
0.073545 74
0.334519 46
0.074411 23
0.003917 337
0.005358 26
0.002151 26
0.001537 26
0.001299 26
0.001260 26
0.001873 26
0.001805 101
0.001910 68
0.005798 62
0.186397 75
0.039215 67
0.000258 3
0.096963 59
0.028614 60
1.176749 38
0.109724 360
0.002536 26
0.001789 26
0.001061 26
0.002116 26
0.001856 26
0.001951 26
0.004078 101
0.003137 73
0.038274 68
0.626981 117
0.000285 3
0.013244 46
0.296025 44
0.000181 3
0.090968 23
0.001676 103
0.000045 130
0.000017 78
0.000027 26
0.002609 26
0.001763 26
0.001289 26
0.002506 26
0.001678 26
0.002815 26
0.002443 101
0.001774 59
0.041695 66
0.342787 44
0.097256 23
0.002580 337
0.002781 26
0.001083 26
0.001048 26
0.001623 26
0.001268 26
0.001714 26
0.001732 49
0.000029 52
0.001829 65
0.005717 69
0.243637 48
0.116014 23
0.002253 51
0.000050 52
0.000032 130
0.000122 104
0.003798 26
0.001968 26
0.001218 26
0.002142 26
0.001749 26
0.002300 26
0.001988 49
0.000055 52
0.002422 59
0.048413 59
0.244780 44
0.097261 23
0.002216 337
0.002651 26
0.001980 26
0.003124 26
0.000363 26
0.001836 26
0.002375 26
0.002164 101
0.001629 60
0.006908 60
0.096978 45
0.079835 86
0.001024 77
0.000033 52
0.000032 52
0.000025 52
0.000024 52
0.000024 52
0.003264 26
0.001657 26
0.000950 26
0.002070 26
0.003483 26
0.001184 26
0.002037 101
0.001777 63
0.002381 47
0.154888 48
0.099837 23
0.004018 259
0.000042 78
0.003724 26
0.001634 26
0.001073 26
0.002865 26
0.001645 26
0.002051 26
0.001929 101
0.001712 58
0.008856 63
0.445881 43
0.048365 23
0.002611 337
0.002703 26
0.001694 26
0.001126 26
0.001863 26
0.001694 26
0.005295 26
0.000460 101
0.001606 62
0.006311 62
0.278134 47
0.084493 23
0.002416 337
0.002470 26
0.001562 26
0.001136 26
0.001630 26
0.001396 26
0.001938 26
0.001919 101
0.002070 58
0.006068 65
0.241888 43
0.117073 23
0.002497 337
0.003225 26
0.001997 26
0.000911 26
0.001791 26
0.001356 26
0.001892 26
0.002005 101
0.001851 60
0.015561 66
0.511295 45
0.150603 84
0.002514 337
0.003311 26
0.000749 26
0.001059 26
0.001706 26
0.001441 26
0.001971 26
0.002341 101
0.002011 60
0.021242 44
1.034846 45
0.106364 23
0.002952 337
0.003123 26
0.002297 26
0.001184 26
0.002100 26
0.002084 26
0.002077 26
0.002298 101
0.001862 64
0.059317 57
0.375876 56
0.005074 47
0.785514 59
0.065686 41
1.408137 60
0.016674 57
0.861540 45
0.099527 23
0.002521 51
0.000025 260
0.000154 26
0.002391 26
0.008627 104
0.000036 26
0.002715 101
0.002842 60
0.020483 66
0.419587 45
0.271123 23
0.004548 51
0.000063 52
0.000185 234
0.003400 26
0.001435 26
0.002031 26
0.001100 26
0.001643 26
0.002099 26
0.002275 101
0.003354 54
0.026179 55
0.878931 33
0.132259 23
0.007161 337
0.002565 26
0.001268 26
0.000950 26
0.001688 26
0.001263 26
0.001925 26
0.001923 101
0.002376 58
0.008523 57
0.314420 67
0.066006 80
0.295697 65
0.005417 78
0.285103 50
0.120842 23
0.002468 155
0.000131 182
0.002552 26
0.001450 26
0.001052 26
0.001831 26
0.002340 26
0.001134 26
0.002120 101
0.001897 68
0.015082 81
0.135779 53
0.080407 23
0.002409 337
0.002500 26
0.001484 26
0.001010 26
0.001772 26
0.002325 26
0.001799 26
0.001960 101
0.001540 66
0.005462 75
0.213714 47
0.086504 85
0.003865 337
0.003405 26
0.001577 26
0.000994 26
0.001864 26
0.002172 26
0.001083 26
0.002015 101
0.001930 64
0.002124 45
0.151582 54
0.002915 63
0.022659 38
0.703191 58
0.002608 61
0.021844 42
0.247399 64
0.059097 60
0.191218 50
0.003757 58
0.010542 33
3.743249 61
0.002847 68
0.002924 45
2.604900 65
0.004335 68
0.003381 49
0.057979 61
0.002669 64
0.002151 45
2.143318 105
0.046721 32
0.392321 70
0.004499 73
0.024851 54
0.347536 61
0.004715 70
0.009090 45
0.299980 59
0.003572 68
0.003155 43
0.102612 58
0.003620 67
0.016336 42
0.098729 56
0.003485 59
0.002690 36
0.239488 59
0.006498 61
0.002021 42
0.199113 62
0.020634 66
0.411017 69
0.003838 72
0.001784 53
1.123470 53
0.003934 62
0.009660 37
0.291735 67
0.003998 70
0.009928 51
0.083407 66
0.002576 69
0.006477 50
0.143098 55
0.036137 46
0.726434 44
0.114798 51
0.000066 23
0.002519 103
0.000026 234
0.000034 26
0.002258 26
0.001758 26
0.002450 26
0.001852 26
0.002501 26
0.003749 101
0.002259 57
0.002154 35
0.072536 43
0.051944 50
0.000027 23
0.003122 25
0.000032 208
0.000184 26
0.000041 78
0.000065 26
0.002377 26
0.002190 26
0.002573 26
0.001964 26
0.002364 26
0.003576 101
0.002287 59
0.015625 34
0.039788 57
0.003441 62
0.002681 43
0.232030 61
0.003753 66
0.002776 47
0.126953 73
0.004489 78
0.004874 59
0.080094 66
0.003682 71
0.003506 52
0.053326 60
0.004266 62
0.001948 43
0.204220 67
0.027529 69
0.264064 60
0.053922 62
0.241104 63
0.015370 65
0.261758 66
0.042039 68
0.207202 58
0.003948 58
0.000192 3
0.010033 39
0.000195 3
0.354001 123
0.009361 43
0.139555 61
0.003914 68
0.011011 49
0.230307 58
0.003062 59
0.002282 40
2.161336 57
0.002704 68
0.002407 49
0.163970 55
0.003999 64
0.002366 39
0.368286 56
0.002821 63
0.002070 40
0.319222 57
0.003721 66
0.008734 41
0.183765 111
0.035533 35
0.375247 56
0.003341 65
0.021963 40
1.328867 47
0.007090 55
0.087452 30
0.686258 58
0.003929 63
0.509105 40
0.336721 54
0.005446 58
0.037911 35
0.925619 48
0.004968 54
0.008914 29
0.255773 70
0.004218 76
0.002094 57
0.487924 61
0.005009 73
0.009431 48
0.497762 44
0.404142 58
0.009386 43
0.006190 49
1.205442 59
0.000332 23
0.003903 25
0.000043 26
0.000037 78
0.000092 130
0.000036 52
0.000023 52
0.003644 26
0.001773 26
0.002614 26
0.003595 26
0.002661 26
0.003736 101
0.003519 64
0.003106 42
0.067401 59
0.000806 58
0.002202 42
0.066788 69
0.002771 72
0.001792 56
1.100709 53
0.005529 62
0.009772 40
0.163382 67
0.004328 66
0.002048 50
0.078069 43
0.497393 74
0.002785 363
0.001797 26
0.002246 26
0.002774 26
0.002522 26
0.002873 26
0.004727 101
0.003306 60
0.010350 34
0.065489 61
0.008051 54
0.499763 61
0.058715 62
0.075495 63
0.111914 62
0.289502 68
0.054134 67
0.417864 69
0.039037 119
0.017252 111
0.006073 70
3.827152 121
0.059394 113
0.456846 68
0.044690 69
2.736620 56
0.005383 68
0.009725 42
0.743005 52
0.006157 58
0.002495 31
0.000252 3
0.466915 56
0.009444 70
0.002241 46
2.030471 62
0.007126 65
0.002054 45
0.078279 58
0.005228 53
0.939851 57
0.005341 67
0.002124 43
0.207992 61
0.005233 63
0.020970 43
0.154986 46
0.004890 56
0.002154 30
0.191028 52
0.005239 59
0.001984 35
0.565920 52
0.006490 64
0.037238 38
0.340208 53
0.004676 63
0.039373 39
0.269080 58
0.005177 60
0.002102 40
0.456447 58
0.006932 61
0.002505 41
0.208817 57
0.008415 60
0.003681 40
0.104862 49
0.007639 58
0.001871 32
2.082991 47
0.004881 60
0.002243 32
0.081274 58
0.001334 61
0.003526 41
0.047143 65
0.008801 70
0.003071 50
1.138657 127
0.006006 46
0.191739 69
0.007635 80
0.010859 54
0.953856 52
0.005805 63
0.002072 37
0.046649 58
0.005909 61
0.002108 41
0.060672 57
0.005500 60
0.017839 40
0.117870 60
0.006559 63
0.002199 43
0.069443 58
0.010485 61
0.003421 41
0.167408 58
0.004314 61
0.023472 41
0.078716 58
0.007952 61
0.017691 41
0.151381 59
0.011118 62
0.020945 42
0.168857 57
0.005063 60
0.012081 40
0.144451 62
0.005396 65
0.010703 42
0.000188 3
0.116805 62
0.007083 65
0.002288 45
0.865352 49
0.005569 58
0.001697 32
2.197636 47
0.005459 60
0.003003 32
0.037873 56
0.005586 64
0.002303 38
0.068776 64
0.003287 69
0.001938 49
1.237165 59
0.007425 61
0.002245 41
1.408988 51
0.008092 59
0.001952 35
0.138923 57
0.006151 59
0.003905 35
0.358486 63
0.006665 69
0.002155 45
0.262599 76
0.009196 83
0.024102 59
0.219052 67
0.003410 71
0.000678 3
0.034383 50
0.208958 56
0.002476 62
0.002507 38
0.625592 49
0.004120 58
0.001965 32
0.231968 48
0.005862 59
0.002701 33
0.449445 52
0.006801 58
0.001781 34
0.760113 60
0.006159 55
0.293686 47
0.009182 55
0.001739 29
0.228864 62
0.005735 66
0.008779 46
0.640092 59
0.005757 63
0.027062 43
0.290326 61
0.007392 71
0.002915 51
0.301979 51
0.007257 63
0.012984 37
1.440885 59
0.006036 76
0.024635 52
0.210718 54
0.005631 60
0.027638 36
0.472770 53
0.010817 59
0.022003 35
0.855457 58
0.004762 64
0.018926 42
0.237565 57
0.010939 65
0.020992 43
0.658465 53
0.008089 71
0.033827 45
0.466410 51
0.006278 69
0.002136 43
0.136471 56
0.007744 59
0.001868 39
0.151093 56
0.009210 74
0.029081 48
0.302868 55
0.004638 73
0.049288 47
0.206384 62
0.006437 65
0.048068 45
0.377742 54
0.015452 72
0.040541 46
3.064348 52
0.003942 70
0.003246 44
0.229120 53
0.008678 71
0.001860 45
0.266651 47
0.005859 65
0.004699 39
0.362945 49
0.006602 53
0.032309 29
0.162532 50
0.007653 66
0.003127 40
0.979475 59
0.006564 66
0.032065 42
0.541944 60
0.007406 63
0.056208 43
0.346083 66
0.012809 69
0.001869 49
0.333279 64
0.006344 67
0.009093 47
0.296918 54
0.007347 63
0.008209 37
0.770257 53
0.008260 59
0.018766 35
0.338287 56
0.007989 61
0.018809 41
0.254050 46
0.006160 56
0.020108 30
0.322242 46
0.006545 59
0.002101 33
0.171958 59
0.006697 63
0.003165 43
0.149436 55
0.007215 65
0.043507 39
0.574521 65
0.007840 68
0.018993 48
1.790495 49
0.006741 58
0.002134 32
2.022432 47
0.008391 60
0.002599 32
0.036812 59
0.007758 65
0.002120 39
0.050101 51
0.007121 65
0.003847 37
0.105374 51
0.006529 61
0.002046 35
0.448753 59
0.006653 67
0.004022 43
0.358640 48
0.007940 65
0.002022 39
0.178591 70
0.012372 74
0.030859 54
0.770509 66
0.006556 70
0.036959 50
0.157211 66
0.010423 70
0.019372 50
0.192319 58
0.006718 62
0.001616 42
0.316009 63
0.004385 67
0.023223 47
0.227382 55
0.006283 63
0.024602 39
0.476549 55
0.006829 65
0.013052 39
0.500863 52
0.005839 62
0.008639 36
0.360784 48
0.006942 58
0.003274 32
0.220722 60
0.008658 78
0.002100 52
0.313984 58
0.007327 68
0.002366 44
4.053715 55
0.008205 70
0.002683 46
0.067884 64
0.006588 73
0.002840 47
0.221540 59
0.010748 72
0.017345 48
0.289884 51
0.006534 60
0.024365 34
0.358794 54
0.006725 62
0.035628 38
0.750909 63
0.013697 58
0.172107 57
0.043713 56
0.167942 63
0.039081 62
0.068622 171
0.025256 51
0.006580 61
0.002960 35
0.295427 53
0.006537 63
0.034577 37
0.484475 55
0.006622 65
0.002134 39
0.390434 47
0.013477 57
0.001745 31
0.135470 58
0.007939 68
0.002271 42
0.137889 58
0.008146 68
0.003371 42
0.140053 49
0.007601 59
0.004007 33
0.247414 51
0.009742 61
0.049306 35
0.293011 60
0.007402 74
0.002166 50
0.087639 51
0.003258 67
0.005191 39
0.146389 68
0.006943 78
0.004110 56
0.204304 74
0.011352 84
0.020526 62
0.133240 57
0.006133 62
0.002231 42
0.088468 64
0.007168 69
0.019261 49
0.279519 52
0.011686 68
0.020072 40
0.251910 58
0.011398 66
0.002991 42
0.653785 46
0.010108 54
0.002138 28
0.160251 61
0.007841 63
0.005950 43
0.136290 52
0.007450 60
0.004304 34
0.408897 61
0.014356 65
0.002728 42
0.000076 3
0.232152 62
0.006949 65
0.006890 45
0.191691 61
0.006956 67
0.016070 43
0.516490 61
0.006795 69
0.303905 45
0.104282 64
0.007651 68
0.002102 48
0.083712 58
0.002827 66
0.002655 46
0.115205 50
0.009832 60
0.002430 34
0.226737 58
0.008867 61
0.020051 41
0.130910 48
0.008390 57
0.001892 28
0.000146 3
0.262185 51
0.006897 68
0.002173 42
0.181294 69
0.083753 72
2.805698 57
0.007173 66
0.038303 42
0.177028 51
0.006621 63
0.024279 37
0.578744 47
0.010706 61
0.033911 33
2.548203 50
0.009392 58
0.002143 34
0.168908 58
0.007035 67
0.004933 45
0.287126 58
0.010466 62
0.001981 42
0.225463 64
0.006783 69
0.002196 49
4.325991 48
0.007327 60
0.003248 34
0.197853 60
0.010233 63
0.017686 43
0.158083 49
0.008223 61
0.002064 35
0.119917 58
0.010896 61
0.017464 41
0.124021 55
0.006955 64
0.006263 38
0.218805 64
0.007304 69
0.033448 45
0.383245 54
0.009403 57
0.035007 33
0.419227 59
0.007657 64
0.032920 40
0.287312 49
0.007202 68
0.018749 42
0.272059 61
0.008062 63
0.023536 39
0.238899 47
0.010650 57
0.007525 31
0.430932 50
0.003813 59
0.001907 33
0.224582 54
0.007270 62
0.032557 36
1.163242 51
0.009948 70
0.002548 42
0.124956 66
0.007017 75
0.003293 51
0.200914 69
0.008440 80
0.002831 54
0.202772 67
0.007423 73
0.008041 49
0.124724 64
0.006564 70
0.006378 46
0.236554 71
0.005818 76
0.002049 56
0.153352 75
0.009692 80
0.005343 60
0.251647 74
0.007686 79
0.010840 59
0.139065 80
0.008026 85
0.017735 65
0.309462 65
0.011598 75
0.001905 53
0.217470 58
0.010786 64
0.031451 44
0.121509 58
0.009036 61
0.003834 41
0.235023 58
0.007280 62
0.002216 42
0.223479 65
0.010906 66
0.000173 3
0.016835 49
0.264128 64
0.007580 74
0.002486 54
0.070080 69
0.007433 79
0.003241 59
0.120575 73
0.007771 83
0.001633 63
0.105493 66
0.006706 77
0.002543 51
0.272464 61
0.014257 66
0.020699 46
0.295786 59
0.009958 67
0.033456 43
2.440302 58
0.010421 59
0.020955 39
0.184574 53
0.002204 65
0.005407 39
0.541720 56
0.007466 68
0.010299 44
0.210187 69
0.007282 78
0.001918 58
0.280891 61
0.001978 65
0.003352 45
0.359198 69
0.007095 74
0.006988 50
0.187835 65
0.007973 71
0.001809 47
0.127652 60
0.008263 69
0.028307 43
0.463874 56
0.003259 65
0.029523 41
0.224806 58
0.011667 71
0.038832 45
0.168057 61
0.002508 70
0.002019 48
0.278623 62
0.008360 66
0.005369 46
0.263348 63
0.008876 68
0.002031 46
0.489227 59
0.006491 68
0.019339 46
0.322107 60
0.007591 62
0.002966 42
0.251239 62
0.009783 69
0.001984 49
0.442130 62
0.006698 72
0.002332 52
0.143370 64
0.011292 68
0.002301 44
0.117704 51
0.008234 60
0.002539 34
0.361565 48
0.008095 59
0.008075 31
0.084078 48
0.007389 56
0.003319 32
0.267091 61
0.010193 68
0.033299 44
0.185927 57
0.005333 65
0.007739 41
0.059034 59
0.007684 66
0.003551 42
0.044377 61
0.008372 68
0.002113 44
0.065944 58
0.008558 65
0.002303 41
0.101345 55
0.007258 62
0.001946 38
0.078939 61
0.005139 64
0.020334 44
0.247148 60
0.012523 63
0.002996 43
1.687757 59
0.008966 67
0.002950 47
0.823680 60
0.008887 63
0.018468 43
0.252952 62
0.008048 70
0.005052 48
0.219464 62
0.008175 65
0.019861 45
3.162662 57
0.006577 67
0.018837 45
0.253719 59
0.011615 66
0.019635 44
0.245432 57
0.010877 61
0.002493 41
0.281388 55
0.010740 66
0.002865 40
0.465679 58
0.007793 65
0.024677 43
0.464956 55
0.004813 68
0.007891 44
0.244680 48
0.005127 59
0.050356 33
0.808323 55
0.015395 67
0.014985 43
0.991423 48
0.008102 62
0.029358 36
0.274879 53
0.009890 64
0.003726 36
0.318255 51
0.008222 59
0.005435 35
0.288439 56
0.007820 62
0.026013 38
1.674916 51
0.009556 59
0.001704 33
0.360841 47
0.012518 68
0.003835 40
0.664951 54
0.008279 63
0.037891 37
0.268330 50
0.008333 58
0.002952 32
0.148913 47
0.007720 63
0.017472 35
0.344500 50
0.008270 58
0.018928 32
0.569043 49
0.008195 58
0.002258 32
0.336979 58
0.008880 66
0.003872 42
0.349534 51
0.009828 64
0.038579 38
0.969481 50
0.014192 59
0.038252 33
0.629059 60
0.003686 68
0.029389 42
1.311979 55
0.014596 61
0.006809 35
0.322186 48
0.008925 69
0.002660 41
0.234847 52
0.008709 58
0.007571 34
0.243814 50
0.008099 60
0.002192 34
0.382219 67
0.008313 76
0.038616 50
0.284668 48
0.006627 61
0.001790 35
0.207465 48
0.008419 55
0.040606 29
0.193535 56
0.008387 72
0.033519 46
0.418088 49
0.010571 57
0.002540 31
0.510974 51
0.008693 63
0.019876 39
0.094456 52
0.008506 63
0.002010 35
0.331678 48
0.009867 56
0.002898 30
0.647605 61
0.009645 67
0.013871 43
0.487381 51
0.013396 67
0.035536 39
0.431786 50
0.010748 60
0.002557 34
0.339795 51
0.009743 63
0.005439 37
0.249214 57
0.008492 65
0.027734 39
1.024919 47
0.009335 58
0.019860 32
0.453347 54
0.011110 61
0.039938 37
2.209860 47
0.007914 56
0.014361 30
0.292888 56
0.006354 60
0.002192 36
0.130369 59
0.010881 70
0.002172 46
0.104385 56
0.012374 69
0.002547 43
0.119097 52
0.011318 65
0.019781 39
0.375322 46
0.042262 44
0.005673 52
0.007038 42
0.042204 45
0.112717 44
0.021237 44
0.005033 36
1.811601 47
0.005145 45
0.005139 35
0.005635 38
0.006848 36
0.016972 42
0.005402 34
0.004923 55
0.005868 60
0.004984 39
0.004845 60
0.005376 54
0.007241 33
0.044888 53
0.005284 43
0.005972 36
0.007175 41
0.006664 37
0.053045 41
0.005952 37
0.431381 97
0.035682 46
0.007303 36
0.006331 45
0.006326 38
0.006088 44
0.005402 39
0.000052 3
0.006287 44
0.030494 47
0.005607 35
0.469437 40
0.008973 42
0.006270 41
0.007198 42
0.005958 47
0.013135 37
0.000036 3
0.007278 42
0.029470 107
0.024374 43
0.006749 47
0.006225 42
0.007599 44
0.005187 34
0.384188 32
0.031901 50
0.006085 42
0.005320 47
0.007711 40
0.005679 34
0.015125 95
0.023732 46
0.005159 41
0.006815 40
0.006607 51
0.006177 43
0.006232 35
0.334399 51
0.501879 34
0.081433 6
0.001773 2
0.001998 4
0.001367 18
0.001850 2
0.001799 11
0.009485 4
0.100071 46
0.005463 37
0.008223 31
0.007241 29
0.015748 66
0.007418 48
0.007659 43
0.005885 36
0.006770 50
0.005886 46
0.005964 33
0.007054 46
0.007013 46
0.075535 39
0.074151 44
0.006514 31
0.007346 33
0.542586 42
0.007937 44
0.008120 36
0.005904 43
0.007269 51
0.005522 45
0.005782 41
0.007509 45
0.007843 40
0.005408 33
0.006282 44
0.010905 41
0.008831 49
0.005852 42
0.000119 2
0.006891 64
0.008954 46
0.006068 48
0.063999 43
0.010924 30
0.005984 44
0.005872 31
0.316480 47
0.013209 48
0.035419 38
0.086091 36
0.011795 44
0.020505 51
0.012398 57
0.004955 36
0.230753 51
0.041674 43
0.035554 41
0.079859 43
0.017752 36
0.022065 43
0.024770 43
0.015144 59
0.087833 47
0.014318 30
0.113216 29
0.013833 77
0.013825 71
1.053701 47
1.191776 52
0.005352 42
0.064401 50
0.006834 43
2.237974 38
0.015787 43
0.006928 49
0.535193 44
0.048133 39
0.327107 41
0.006088 54
0.006258 48
0.006007 39
0.009141 50
0.007737 34
0.530586 45
0.006799 48
0.005096 45
0.006850 50
0.005230 40
0.105224 90
0.025078 53
0.005117 35
0.005965 46
0.005264 48
0.006866 42
0.005111 44
0.014405 44
1.238290 45
1.398659 30
0.191004 39
0.004948 57
0.006127 42
0.006520 43
0.030633 42
0.006103 44
0.004816 30
0.004649 52
0.006353 40
0.018426 34
0.001864 62
1.972650 50
0.016715 23
0.102344 41
0.006677 41
0.007659 54
0.007148 46
0.006124 40
0.006565 43
0.006212 51
0.057519 133
0.081860 44
0.006893 45
0.007138 55
0.005289 44
0.006216 53
0.005496 37
0.009897 102
0.058456 44
0.007372 42
0.005983 43
0.005564 41
0.077541 43
0.045741 41
0.001690 64
0.033022 21
0.000238 88
0.000162 3
0.055426 33
0.006957 46
0.012601 103
0.007353 33
0.047472 35
0.006483 45
0.006676 57
0.007385 46
0.740416 45
0.006699 39
0.033210 145
0.005933 42
0.034354 42
0.005256 40
0.005360 38
0.005994 60
0.007490 47
0.006123 36
0.033214 121
0.005976 123
0.007766 121
0.024350 46
0.007028 46
0.019056 46
0.007282 35
0.006561 61
0.047129 38
0.038925 42
0.007455 36
0.005287 39
0.009198 46
0.006565 41
0.877657 32
0.038062 6
0.001756 2
0.001923 4
0.001556 18
0.001419 2
0.001739 11
0.014442 4
0.002850 38
0.009089 38
1.738592 31
0.058652 44
0.005936 43
0.006008 35
0.721819 41
1.894226 41
0.017877 57
0.022771 31
0.531495 49
0.021009 6
0.002733 2
0.002319 4
0.001851 18
0.002039 2
0.002009 11
0.009354 4
0.002764 35
0.009906 105
0.010939 36
0.005476 44
0.007593 36
0.005717 33
0.069411 51
0.006554 52
0.004896 53
0.005011 48
0.005975 38
0.072823 32
0.135605 40
0.005242 50
0.006945 34
0.006825 47
0.006794 39
0.719958 33
0.009732 40
0.005714 52
0.005424 45
0.005793 34
0.327163 40
75.246054 52
0.033011 46
0.039289 42
0.030665 47
0.027207 51
0.033078 34
0.020902 40
0.026410 50
0.011976 36
0.041844 59
0.013243 42
0.033401 32
0.080334 57
0.035011 32
0.007176 55
0.038998 49
0.015785 51
0.017768 49
0.005903 49
0.004656 44
0.000026 2
0.020388 37
0.004574 35
0.273888 46
0.005797 43
0.005635 46
0.006510 44
0.004716 47
0.006076 39
0.004703 36
0.020758 43
0.004588 45
0.007921 43
0.006839 36
0.004836 49
0.012215 51
0.005297 50
0.004592 55
0.007236 39
0.008608 105
0.004255 43
0.382550 51
0.005691 43
0.005119 38
0.005673 35
0.004543 35
0.047205 43
0.005073 60
0.005041 40
0.005165 47
0.006741 44
0.004398 46
0.004809 50
0.010816 47
0.005106 48
0.004612 41
0.000295 2
0.005266 34
0.005180 40
0.005387 37
0.009096 95
0.004730 98
0.005051 110
0.007595 110
0.007679 107
0.005759 107
0.005082 100
0.005164 33
0.004802 33
0.031404 35
0.005699 48
0.006526 49
0.004949 35
0.009089 45
0.006013 40
0.009973 34
0.081058 36
0.007105 36
0.443778 29
0.123820 30
0.010592 30
0.114221 30
0.016151 30
0.126106 33
0.107423 30
0.118326 30
0.115913 25
0.109313 23
0.109346 29
0.102643 23
0.112053 24
0.127035 31
0.108225 28
0.105260 26
0.111906 27
0.107837 26
0.111352 30
0.105193 25
0.104993 39
0.111625 41
0.113080 26
0.113193 31
0.106358 29
0.086534 83
0.000195 3
0.151181 35
1.057984 48
0.191193 86
20.144164 6
0.002478 2
0.004047 4
0.002331 18
0.002928 2
0.003427 11
0.014314 21
0.000239 3
0.009691 111
0.017829 6
0.001901 2
0.002437 4
0.002099 18
0.002393 2
0.002275 11
0.019096 27
0.005938 58
0.393316 245
0.280117 33
0.006606 40
0.005487 33
0.032602 50
0.005613 37
0.405294 33
0.110102 85
0.007951 40
0.013598 57
0.007433 63
0.006670 40
0.011385 57
0.040074 44
0.023854 43
0.007402 36
0.006437 50
0.012427 40
0.010500 89
0.009317 97
0.005753 91
0.005540 93
0.008270 87
0.006439 91
0.007476 84
0.000349 3
0.023155 33
0.008348 34
0.012939 41
0.394318 36
0.007747 35
0.007256 30
0.044240 34
121.167264 57
2.031092 40
0.560071 51
0.005743 32
0.023593 44
0.020304 33
0.005748 48
0.024987 57
0.010859 45
1.069508 28
0.000029 52
0.002514 8
0.008771 54
4.068600 23
0.000078 18
0.004229 51
0.003159 83
6.263685 65
0.005655 22
0.002356 32
0.008075 58
0.004227 61
0.004045 36
0.004705 15
0.003958 65
0.005759 54
0.004620 13
0.001449 55
0.000223 9
0.000598 8
0.065861 22
0.004377 22
0.001827 20
0.003509 67
0.003787 21
0.000421 32
0.000097 2
0.009084 43
0.002670 37
0.002973 8
3.329688 19
0.421465 7
0.004087 26
0.847398 70
0.084306 59
0.034321 60
0.045466 61
1.017324 74
1.043369 84
0.100764 84
0.040194 77
5.534452 84
5.456300 36
0.040484 24
3.948333 2
0.091575 26
0.522362 14
0.002532 29
0.000362 49
0.004376 9
0.000039 78
0.002522 118
63.771166 124
267.626558 89
96.608223 278
83.336795 58
0.377706 24
1.319612 2
0.057361 27
0.496454 30
0.055372 2
0.818263 78
0.004166 113
0.000970 74
0.000184 80
0.000085 71
0.000224 77
0.000038 79
0.000193 69
0.000552 79
0.000320 76
0.000363 290
0.001701 26
0.004347 88
0.639770 47
0.001243 74
0.000503 229
0.000223 80
0.000042 75
0.000732 78
0.000179 76
0.000427 288
0.001786 46
0.033812 170
1.185143 97
0.179712 101
0.125495 112
0.236743 109
0.094566 108
0.230262 99
0.227859 100
0.037479 98
0.048927 98
0.012523 100
0.034252 97
0.235270 97
0.189544 97
0.054968 98
0.004731 96
0.097774 101
0.045254 102
0.016698 100
0.640075 105
0.010785 107
0.036312 99
0.710090 104
0.004264 104
4.207532 93
0.003130 96
0.025679 99
0.029273 93
0.000120 2
0.006788 99
0.000135 2
0.016251 97
0.000074 2
0.064851 98
0.000048 2
0.020937 98
0.000078 2
0.043019 96
0.000131 2
0.034583 103
0.053147 99
0.039902 98
0.001408 104
0.001703 97
0.001414 102
0.002960 102
0.004239 99
0.006422 101
0.015322 103
0.009383 102
0.047242 97
4.688090 104
0.007000 100
0.009742 103
2.695297 99
0.066477 94
0.011247 93
0.025108 103
0.010647 103
0.900063 99
0.059586 99
0.005232 102
0.002695 101
0.006599 94
0.027341 101
0.021044 98
0.001813 100
0.727504 97
0.005471 94
0.053872 96
0.006141 98
0.010510 102
0.046815 113
0.017182 102
0.029508 36
1.029318 40
0.103290 40
0.102489 43
0.287931 62
0.000044 23
0.011198 51
0.000057 26
0.000052 78
0.000236 182
0.081923 26
0.212522 26
0.060418 26
0.044123 26
0.139323 26
0.263714 26
0.287116 49
0.000083 52
0.006702 64
0.000095 3
0.003777 41
0.000071 3
0.201210 67
0.009650 79
0.002400 56
1.392451 68
0.015360 76
0.020688 57
0.272829 65
0.007410 74
0.044122 127
0.020019 157
0.000333 49
0.112584 63
0.008998 66
0.002226 47
0.391956 64
0.010098 67
0.025359 48
0.307065 61
0.010326 64
0.021697 45
0.340254 58
0.007897 67
0.022517 46
0.158768 61
0.012180 68
0.002014 47
0.215268 59
0.010483 62
0.020046 43
0.435740 54
0.008402 63
0.019652 38
0.332407 56
0.011542 63
0.020790 40
0.209055 60
0.008186 63
0.036829 44
0.333555 58
0.014165 61
0.002249 42
0.264094 64
0.012037 67
0.002815 48
0.249564 64
0.008503 67
0.001985 48
0.088088 63
0.008281 65
0.003177 46
0.212722 67
0.010605 70
0.018340 51
0.213360 69
0.010396 72
0.030274 53
0.228154 60
0.009451 64
0.020342 45
0.461482 65
0.010277 69
0.018846 50
0.240690 62
0.007170 69
0.032461 46
9.255335 55
0.017918 58
0.027429 35
2.308564 59
0.013292 61
0.066847 42
2.373329 57
0.013021 64
0.005978 41
0.255529 57
0.014792 60
0.005291 41
0.608464 63
0.013114 66
0.004173 47
0.182867 61
0.009209 67
0.002321 46
0.185400 63
0.009728 66
0.004539 47
0.146793 63
0.011108 66
0.003336 47
0.233003 61
0.011735 64
0.013796 45
0.326917 65
0.009237 68
0.019860 49
0.368498 62
0.015903 65
0.031888 46
0.290990 60
0.015197 66
0.002017 45
0.090920 61
0.010058 70
0.003211 49
0.051125 63
0.014074 63
0.001776 44
0.045637 61
0.009333 70
0.003777 49
0.058415 64
0.007029 67
0.002153 48
0.063371 63
0.011697 64
0.002205 45
0.114813 63
0.014144 66
0.019465 47
0.186873 65
0.011422 68
0.002517 49
0.163100 64
0.013074 67
0.034278 48
0.233562 58
0.008936 64
0.004385 43
3.540721 61
0.010449 71
0.003044 46
0.051699 61
0.011822 67
0.199723 46
0.064389 65
0.009488 68
0.001941 49
1.307494 62
0.011086 65
0.001739 46
0.107971 57
0.001728 59
0.002350 40
0.092598 56
0.011900 58
0.003074 39
0.150080 65
0.011780 68
0.020055 49
0.069162 60
0.012575 68
0.001919 45
4.013510 58
0.009736 65
0.036572 42
1.433780 61
0.014681 64
0.017031 45
0.274932 64
0.015855 70
0.002537 49
0.262670 61
0.013473 68
0.002210 47
0.289333 56
0.008857 62
0.036775 41
0.333987 62
0.010595 68
0.006443 47
0.085959 60
0.010420 66
0.002015 45
0.148301 61
0.013360 65
0.002061 46
0.508985 60
0.013184 63
0.022328 44
0.203853 54
0.015013 63
0.034958 38
0.188953 58
0.015966 64
0.016016 43
0.185512 56
0.009232 59
0.031720 36
0.163059 59
0.010935 63
0.031638 44
0.250570 64
0.014045 68
0.019513 49
0.166801 64
0.015750 78
0.001837 53
0.228643 57
0.010991 67
0.002362 42
0.111789 50
0.013181 43
0.006656 47
0.010692 48
0.009078 48
0.039132 46
0.047622 46
0.068957 49
0.103341 47
0.116111 46
0.066945 44
0.022294 45
0.007305 33
0.000028 3
0.022101 57
0.052060 45
0.105064 48
0.006017 47
0.005366 42
0.026214 49
0.008308 47
0.005662 45
0.006440 43
0.006983 47
0.006147 48
0.008854 46
0.000077 2
0.085148 46
0.011859 50
0.006992 46
0.024674 43
0.000033 3
0.082518 48
0.070152 47
1.462461 41
0.004615 50
0.008590 39
0.490224 97
0.155098 56
0.007940 15
0.029287 6
0.003104 2
0.003926 4
0.002385 18
0.003289 2
0.002505 11
0.013286 4
0.015537 45
0.168102 46
0.007370 39
0.008944 28
3.003711 8
0.005200 42
0.008140 44
0.005462 48
0.006173 48
0.000058 2
0.006581 58
0.884492 54
0.035556 47
0.006116 43
0.006977 41
0.000061 3
0.006665 42
0.007274 48
0.007356 50
0.006152 48
0.006672 49
0.006660 49
0.005735 50
0.007704 49
0.006047 50
0.006306 52
0.006790 47
0.006503 51
0.000083 3
0.006905 41
0.004997 46
0.009005 51
0.012905 40
0.005579 47
0.143452 145
0.005123 47
0.035097 45
0.004916 50
0.005655 50
0.006918 37
0.005167 43
0.006221 48
0.027348 71
1.970498 34
0.028525 5
0.000103 2
0.000192 8
0.000273 67
2.187145 866
5.832203 30
0.178848 10
0.343294 24
0.997473 139
0.000276 72
0.000670 132
0.251928 67
0.000122 42
1.121068 32
0.066934 10
0.371555 13
0.224000 32
0.005057 10
0.195161 31
0.259150 33
0.006617 11
0.239317 16
0.063009 12
0.154036 15
8.416805 19
0.232287 25
0.528568 12
0.310915 12
0.290299 50
0.005127 122
0.002904 64
0.001709 38
0.005258 65
0.006137 4095
0.000830 1382
0.481174 64
0.006873 16
0.565066 15
0.146472 13
1.543817 127
0.172995 130
0.014700 138
0.013970 131
0.016649 132
0.013169 133
0.014526 139
0.014082 130
0.025046 125
0.013124 127
0.013248 124
0.021368 141
0.014337 125
0.010396 125
0.014033 125
0.011932 133
0.015036 130
0.011073 131
0.011809 127
0.012364 124
0.012459 124
0.011196 129
0.012386 129
0.017750 125
0.014283 124
0.017004 124
0.010347 132
0.011780 131
0.015572 127
0.018380 127
0.014694 125
0.019204 139
0.015810 129
0.015524 129
0.018067 133
0.017734 132
0.012099 126
0.012850 135
0.025415 124
0.016432 131
0.009389 125
0.012802 126
0.011590 132
0.012855 125
0.000579 2
0.014836 125
0.012264 134
0.010577 130
0.011196 126
0.013513 126
0.013356 136
0.017027 130
0.443873 125
0.013911 131
0.012717 124
0.011135 132
0.015347 126
0.013210 129
0.012521 127
0.011987 131
0.012779 125
0.014739 124
0.017004 132
0.016123 130
0.013563 132
0.018655 128
0.014708 131
0.114901 177
0.015896 177
0.014029 212
0.012975 121
0.010329 124
0.016813 116
0.013919 113
0.012296 115
0.015567 112
0.013262 113
0.015860 113
0.015084 119
0.014650 118
0.014764 116
0.014698 120
0.016394 119
0.012582 118
0.016418 114
0.014004 112
0.011465 109
0.011141 112
0.010977 110
0.012841 111
0.015995 113
0.012407 108
0.012158 114
0.011413 111
0.010225 110
0.013308 109
0.014235 110
0.015951 108
0.010164 109
0.012743 114
0.018132 109
0.013309 109
0.014428 117
0.010540 110
0.010735 115
0.010752 111
0.010610 109
0.012583 114
0.011332 110
0.010885 109
0.015322 114
0.011817 108
0.012084 115
0.012996 110
0.011422 108
0.015688 112
0.015075 113
0.012163 108
0.012637 109
0.014655 117
0.010793 114
0.013359 116
0.013150 113
0.012834 108
0.010310 115
0.010917 114
0.011291 110
0.017000 110
0.040653 18
1.081886 39
0.004587 65
0.037083 656
2.096367 106
0.000447 106
0.019442 106
0.000288 106
0.001609 106
0.000237 106
0.746355 106
0.000024 106
0.001581 106
0.000333 106
0.001383 106
0.000253 106
0.398579 114
0.000257 114
0.001223 114
0.000256 114
0.054690 107
0.000213 107
0.001673 107
0.000170 107
1.765235 212
0.226895 106
0.000301 106
0.175540 106
0.000082 106
0.001470 106
0.000162 106
0.002239 107
0.000163 107
0.002174 107
0.000164 107
0.212768 214
0.001076 107
0.000267 107
0.027901 212
0.000663 106
0.000278 106
0.199866 212
0.001315 106
0.000226 106
0.001073 106
0.000115 106
0.001020 106
0.000129 106
0.002104 107
0.000172 107
0.001363 107
0.000166 107
0.001429 106
0.000828 106
0.032432 212
0.001424 212
0.001235 106
0.000108 106
0.025534 106
0.000063 106
0.002489 106
0.000145 106
0.001290 106
0.000771 106
0.064971 106
0.000131 106
0.001230 106
0.000121 106
0.001133 106
0.000115 106
3.763003 107
0.000107 107
0.004916 107
0.000127 107
0.002359 106
0.000099 106
0.030858 106
0.000221 106
0.001135 106
0.000097 106
0.001316 106
0.000100 106
0.227556 106
0.000066 106
0.025270 109
0.000145 109
0.001275 109
0.000200 109
0.175682 106
0.000283 106
0.001829 212
0.000717 106
0.000137 106
0.021423 212
0.001264 106
0.000154 106
0.001238 106
0.000136 106
0.629368 106
0.000062 106
0.001226 106
0.000130 106
0.071455 222
0.001383 111
0.000216 111
0.001066 107
0.000061 107
0.001220 214
0.001091 106
0.000122 106
0.019361 212
0.001623 106
0.000252 106
0.007366 212
0.015261 212
0.002421 212
0.001051 106
0.000098 106
0.022019 212
0.001446 212
0.001112 106
0.000020 106
0.020667 106
0.000087 106
0.001569 212
0.001265 106
0.000057 106
0.132642 107
0.000253 107
0.001015 107
0.000119 107
0.001155 106
0.000111 106
0.025068 106
0.000057 106
0.001332 106
0.000151 106
0.001127 106
0.000169 106
0.831855 106
0.000378 106
0.000934 106
0.000206 106
0.001072 106
0.000141 106
0.024951 106
0.000205 106
0.002322 212
0.000247 106
0.000103 106
0.078730 107
0.000182 107
0.002197 107
0.000082 107
0.000457 106
0.000080 106
0.029803 107
0.000275 107
0.001171 107
0.000139 107
0.001364 106
0.000119 106
0.204916 107
0.000184 107
0.000998 107
0.000116 107
0.001133 106
0.000057 106
0.031878 107
0.000060 107
0.001264 107
0.000057 107
0.001275 106
0.000042 106
0.041205 106
0.000206 106
0.001124 106
0.001185 106
0.000207 212
0.067426 106
0.000056 106
0.001273 106
0.000131 106
0.001222 106
0.000316 106
0.023401 106
0.000207 106
0.001275 106
0.000196 106
0.001293 106
0.000151 106
0.028003 106
0.000231 106
0.001308 212
0.002156 106
0.000075 106
0.025176 106
0.000312 106
0.001435 106
0.000169 106
0.001205 106
0.000160 106
2.933530 106
0.000157 106
0.001604 106
0.000292 106
0.001298 106
0.000234 106
4.323619 106
0.000395 106
0.187710 212
0.000945 106
0.000140 106
0.001185 106
0.000084 106
0.024152 106
0.000289 106
0.001723 104
0.001139 108
0.000104 212
0.022007 106
0.000108 106
0.001097 106
0.000136 106
0.001217 212
0.022825 106
0.000089 106
0.001348 106
0.000063 106
0.001182 212
0.050069 212
0.000780 106
0.000150 106
0.001137 106
0.000150 106
0.087785 212
0.001166 106
0.000138 106
0.001014 106
0.000131 106
0.022206 106
0.000252 106
0.001349 106
0.000186 106
0.001297 106
0.000236 106
0.024273 106
0.000268 106
0.001309 106
0.000247 106
0.001099 106
0.000094 106
0.026328 106
0.000353 106
0.001257 106
0.000128 106
0.001472 106
0.000140 106
0.230137 212
0.000855 212
0.001158 106
0.000073 106
0.028979 214
0.001438 214
0.001349 212
0.032180 106
0.000253 106
0.001381 106
0.000043 106
0.001177 106
0.000117 106
0.023243 106
0.000100 106
0.001123 106
0.000050 106
0.001316 106
0.000207 106
0.024461 106
0.000329 106
0.001167 106
0.000301 106
0.001375 212
0.195545 106
0.000083 106
0.001117 107
0.000080 107
0.001297 214
0.032290 106
0.000074 106
0.001588 106
0.000136 106
0.001428 106
0.000070 106
0.163915 106
0.000152 106
0.448183 106
0.000227 106
0.001129 106
0.000167 106
0.001166 106
0.000168 106
0.025600 212
0.000578 106
0.000167 106
0.001082 106
0.000168 106
1.192927 106
0.000073 106
0.001623 212
0.002419 214
0.002523 214
0.000555 106
0.000138 106
0.004516 219
0.010688 114
0.026241 106
0.000149 106
0.002167 106
0.000104 106
0.001582 106
0.000143 106
0.264354 212
0.002340 214
0.001503 214
0.053258 106
0.000297 106
0.002198 106
0.000172 106
0.002864 106
0.000444 106
0.052178 106
0.000110 106
0.001958 107
0.000124 107
0.001260 107
0.000123 107
0.162842 106
0.000117 106
0.001403 107
0.000128 107
0.001236 107
0.000122 107
0.040270 106
0.000144 106
0.001475 106
0.000140 106
0.001409 106
0.000140 106
0.026042 106
0.000081 106
0.001479 106
0.000133 106
0.001430 106
0.000138 106
0.049388 106
0.000223 106
0.001232 106
0.000172 106
0.002118 106
0.000214 106
0.025549 106
0.000239 106
0.001383 106
0.000346 106
0.001205 106
0.000158 106
0.073864 212
0.001289 212
0.001191 106
0.000134 106
0.234367 107
0.000235 107
0.001412 214
0.001607 212
0.089063 212
0.001480 212
0.002140 212
0.034079 106
0.000100 106
0.001718 106
0.000180 106
0.001497 106
0.000156 106
0.055976 212
0.001353 212
0.001303 214
0.001289 214
0.002037 212
0.070445 212
0.001345 222
0.001330 214
0.002593 212
0.025078 106
0.000085 106
0.001183 106
0.000088 106
0.003418 106
0.000404 106
0.026299 106
0.000138 106
0.001273 106
0.000129 106
0.001117 106
0.000168 106
0.245049 212
0.001694 106
0.000177 106
0.001682 212
0.099173 106
0.001248 106
0.001348 106
0.000231 106
0.001455 106
0.000159 106
0.200258 106
0.000206 106
0.001193 106
0.000126 106
0.170384 214
0.001663 214
0.001265 212
0.062791 257
0.001162 1094
0.000101 2177
0.000083 1401
0.239133 64
0.048730 18
0.176652 18
0.709748 15
1.338110 16
0.146258 97
114.746350 46
4.614755 85
4.009320 86
0.009536 41
0.371091 83
0.009875 64
0.490798 158
0.000963 32
0.445542 6
0.013334 51
0.162800 59
0.000029 23
0.009073 51
0.000067 78
0.000134 156
0.000049 26
0.002650 26
0.003000 26
0.003567 26
0.005110 26
0.003736 26
0.006828 26
0.003851 26
0.006598 100
0.008044 58
0.003530 40
23.996973 41
0.013465 122
0.006327 128
0.005669 131
0.005772 122
0.007577 131
0.006710 122
0.011882 143
0.007793 140
0.009563 137
0.010005 137
0.006830 140
0.025918 146
0.009042 134
0.009566 125
0.006874 142
0.007695 128
0.000186 2
0.009416 118
0.007255 113
0.000185 2
0.008437 133
0.009164 121
0.007598 125
0.000217 2
0.009252 119
0.000214 2
0.009436 119
0.000027 2
0.010114 116
0.000038 2
0.007182 130
0.009717 115
0.007605 119
0.000226 2
0.009220 118
0.011348 121
0.010288 118
0.007210 115
0.006891 115
0.007475 136
0.008270 133
0.009796 124
0.008146 121
0.007371 124
0.007215 133
0.007884 142
0.009301 118
0.007235 133
0.013599 133
0.011227 121
0.013048 130
0.007809 115
0.010166 180
0.032921 83
0.005583 129
0.121510 24
0.292837 2
0.061638 27
0.505723 30
0.045425 2
0.097797 81
0.710872 78
0.004196 657
0.000133 79
0.000098 73
0.000237 144
0.000462 70
0.000054 60
0.000024 68
0.000121 277
0.000286 373
0.000040 143
0.000176 44
0.000282 309
0.000049 78
0.000024 121
0.000112 153
0.000040 69
0.000166 210
0.000270 411
0.000098 62
0.000329 208
0.000270 348
0.000037 72
0.000123 71
0.000310 77
0.001065 73
0.000170 34
0.005000 91
0.000042 680
0.000029 433
0.000025 341
0.000025 272
0.000024 169
1.740079 41
0.005884 133
0.000050 74
0.000030 2
0.000030 61
0.000051 64
0.000053 67
0.000030 2
0.000022 72
0.000070 75
0.000030 2
0.000022 54
0.000154 70
0.000100 71
0.000137 73
0.000075 70
0.000435 70
0.000482 78
0.000079 132
0.000219 277
0.000221 295
0.000206 145
0.000063 76
0.000136 44
0.000351 78
0.000076 151
0.000089 80
0.000238 351
0.000072 73
0.000239 132
0.000062 66
0.000228 138
0.000058 218
0.000121 78
0.000168 62
0.000447 70
0.000072 138
0.000306 79
0.000054 68
0.000048 68
0.000047 79
0.001037 80
0.000055 77
0.000431 62
0.000875 68
0.000370 74
0.005082 42
0.001530 25
0.026222 68
0.000045 102
0.633127 107
0.156676 110
0.020196 104
0.588822 113
0.002442 107
0.057281 108
0.005862 110
0.045250 95
0.391526 101
0.992095 108
0.016361 114
0.061360 110
0.024640 115
0.008233 112
0.061919 107
0.144745 106
0.074763 96
0.276241 110
0.234579 117
0.005252 107
0.063608 97
0.038919 96
0.097193 106
0.006546 95
0.054239 106
0.005007 101
0.018516 99
0.067551 94
0.012421 95
0.002513 109
0.092823 109
0.129612 112
0.100208 108
0.200511 109
0.134924 106
0.247477 116
0.142745 94
0.002126 108
0.087804 95
0.002502 95
0.036729 95
0.006803 97
0.002491 94
0.079936 98
0.049853 98
0.000186 2
0.025980 97
0.000100 2
0.080469 94
0.113033 98
0.006657 104
0.000306 2
0.001971 100
0.000166 2
0.000522 91
0.348368 99
0.025198 96
0.006446 105
0.124444 112
0.036692 104
0.257912 115
0.000486 2
0.007215 112
0.000164 2
0.000675 115
0.000170 2
0.002435 103
0.000161 2
0.862472 108
0.001772 98
0.020057 105
0.000809 111
0.020451 112
0.001680 117
0.002150 101
0.014674 97
0.043817 95
0.003319 106
0.052960 94
0.063022 113
10.189026 109
0.003057 91
0.068745 107
3.406545 101
0.254522 96
0.005183 103
0.399777 98
0.001167 105
0.001342 97
0.002998 101
0.000943 112
0.000650 105
0.000914 120
0.000659 99
0.005371 98
0.070225 101
0.063203 96
0.016252 94
0.028773 109
0.043314 103
0.012832 99
0.017013 97
0.153769 98
0.068317 103
0.059471 98
0.045275 100
0.014813 98
0.050041 99
0.133968 103
0.005086 100
0.004204 103
0.014710 102
0.005201 100
0.170258 95
0.229616 116
0.002786 113
54.133348 109
0.000232 101
0.002078 120
0.009110 113
2.902057 90
0.425485 98
0.082824 105
0.106025 98
0.005667 95
0.001835 99
0.084997 90
0.067780 107
0.146071 111
0.044150 208
0.026450 108
0.044340 108
0.118807 99
0.028635 93
0.035965 102
0.061200 89
2.075831 98
0.005085 104
0.220683 96
0.005320 101
0.007587 98
0.096237 104
0.195690 103
0.098145 89
0.314289 94
0.097748 99
0.049938 103
0.005163 100
0.000362 105
0.001572 107
0.014718 108
0.009159 104
0.004738 100
0.013307 100
0.059139 98
0.046236 105
0.023839 101
0.013383 100
0.014038 105
0.007096 105
0.001981 98
0.064444 103
0.128305 93
2.933081 114
0.001315 113
0.101285 108
0.140997 101
0.038558 103
0.088907 106
0.011250 97
0.717015 105
0.063221 102
0.153066 103
0.202287 105
0.043550 112
0.009660 98
0.007118 96
0.043434 99
0.023436 98
0.078550 98
0.000567 103
0.003126 102
0.005849 95
0.047509 102
0.184990 109
0.006501 108
0.014393 114
0.043666 115
0.024099 100
0.000127 2
0.338686 101
0.031642 104
0.018124 105
1.092874 99
0.874040 96
0.086561 97
0.077068 101
0.013876 98
0.067923 98
0.084888 95
0.175291 114
0.005916 111
1.011817 104
0.066755 107
0.003298 98
0.589007 97
0.005317 99
0.086229 101
0.010716 98
0.319643 106
0.069570 112
0.017178 107
0.129952 104
0.108239 120
0.001985 102
0.001396 111
0.037060 105
0.001819 112
0.012700 121
0.001537 113
0.014828 111
0.000088 2
0.218809 122
0.003536 99
0.012669 104
0.079517 104
0.041734 105
0.341258 117
0.042187 246
0.016373 100
0.279292 104
0.042611 104
0.001935 99
0.084084 104
0.010789 103
0.011889 92
0.188667 108
1.359822 91
0.085707 90
0.028596 107
0.001909 101
0.031159 105
0.014793 105
0.092681 98
0.089661 99
0.133779 107
0.053663 107
0.249354 109
0.011825 98
0.019929 114
0.017092 101
0.015123 93
0.010243 103
0.221941 88
0.106811 95
0.059053 101
0.004129 40
0.828658 40
0.102873 40
0.094450 40
0.115826 40
0.091481 40
0.091789 40
0.098186 40
0.093757 40
0.086884 43
0.022837 29
0.320822 23
0.006385 51
0.000089 104
0.000124 26
0.000051 52
0.000051 26
0.000095 26
0.000046 26
0.002203 26
0.003163 26
0.003570 26
0.005568 26
0.003829 26
0.007342 26
0.005150 26
0.009356 98
0.000074 3
0.006404 36
0.102477 23
0.008650 51
0.000049 26
0.000076 78
0.000053 52
0.000055 78
0.000163 26
0.002746 26
0.003662 26
0.002903 26
0.004173 26
0.003762 26
0.008496 26
0.004916 26
0.007533 101
0.006980 70
0.010188 80
0.101567 55
0.107482 56
0.000066 23
0.007118 51
0.000225 260
0.002504 26
0.003335 26
0.004165 26
0.004417 26
0.003605 26
0.010575 26
0.000963 26
0.009108 49
0.000071 52
0.007590 75
0.000033 3
0.003848 49
0.000034 3
0.488840 58
0.007787 75
0.029636 47
0.257971 59
0.011344 76
0.019011 48
0.111467 61
0.010665 78
0.004604 50
0.076189 49
0.012346 63
0.002153 37
0.352997 54
0.012308 68
0.027897 42
0.512052 61
0.012705 74
0.002752 48
0.180274 64
0.010388 81
0.001966 53
0.107393 60
0.009192 77
0.003725 49
0.186598 65
0.009336 82
0.025620 54
0.176140 70
0.009594 81
0.041383 59
0.094715 65
0.009731 76
0.002090 54
0.192167 68
0.012481 73
0.002040 53
0.160583 48
0.009529 65
0.002227 37
0.244815 64
0.004530 77
0.003473 51
0.217595 67
0.009451 84
0.002316 56
0.106081 58
0.009279 75
0.034959 47
0.151584 47
0.006617 64
0.017765 36
0.133131 48
0.010816 65
0.001996 37
0.155319 68
0.009616 72
0.001910 52
0.195544 57
0.007730 61
0.005454 41
0.111700 68
0.009228 72
0.003830 52
0.124195 64
0.008325 68
0.002224 48
0.175203 62
0.015703 66
0.003240 46
0.274214 57
0.009786 60
0.003024 40
0.158614 58
0.009689 61
0.001392 41
0.064433 71
0.007000 76
0.005574 56
0.123692 71
0.013134 76
0.002225 56
0.180237 74
0.011916 79
0.001977 59
0.238372 70
0.008913 75
0.007112 55
0.190842 71
0.012383 76
0.016393 56
0.401892 62
0.009707 73
0.041279 47
0.445183 78
0.006345 83
0.005965 63
0.190213 58
0.009383 61
0.012228 37
0.198243 51
0.009655 76
0.017208 48
0.272919 61
0.008821 62
0.004930 42
0.213437 57
0.009081 64
0.043278 42
0.186623 56
0.009474 60
0.000075 3
0.002138 41
0.059511 57
0.009492 63
0.001966 43
0.052391 58
0.016572 61
0.002901 41
0.081496 61
0.009275 64
0.002053 44
0.084598 63
0.010848 66
0.003812 46
0.159973 61
0.010415 65
0.017741 45
0.158653 59
0.012569 61
0.018250 41
0.348752 61
0.011439 64
0.002274 44
0.087919 68
0.014596 72
0.001861 52
0.077946 65
0.006563 69
0.001926 49
0.051339 52
0.011534 58
0.001559 34
3.512597 63
0.015140 66
0.026547 46
1.182550 57
0.006867 64
0.023965 42
0.584711 63
0.013906 72
0.022710 52
0.181206 69
0.009970 78
0.026073 58
0.127567 47
0.011086 72
0.017317 44
0.995951 49
0.014071 68
0.001982 42
0.625978 67
0.010902 84
0.019751 56
0.189321 67
0.009444 80
0.003344 54
0.170037 67
0.010295 84
0.002115 56
0.052461 58
0.009780 71
0.001854 45
0.665389 59
0.008192 76
0.002343 48
0.044573 58
0.011341 64
0.002730 44
0.042153 62
0.000075 3
0.010075 68
0.000075 3
0.002367 48
0.000073 3
0.069190 61
0.012294 78
0.002483 50
0.091815 65
0.004350 78
0.003093 52
0.082459 74
0.013400 83
0.002106 59
0.074731 58
0.015018 64
0.000209 3
0.016030 41
0.228033 51
0.009737 66
0.002457 38
0.296598 54
0.012857 60
0.024815 36
1.054511 64
0.017913 72
0.060247 48
0.133637 60
0.014305 61
0.016639 41
0.350008 73
0.012535 79
0.002288 59
9.140919 64
0.014567 77
0.004037 49
0.716830 53
0.015448 58
0.002498 34
0.241597 62
0.009236 73
0.002152 49
1.648230 60
0.014723 67
0.002453 43
0.192994 56
0.012529 63
0.003008 39
0.051738 59
0.012083 70
0.002016 46
0.178507 51
0.009268 64
0.001882 38
0.057830 56
0.009518 73
0.002926 45
0.069489 54
0.011085 63
0.026941 37
0.186215 52
0.010088 69
0.015988 41
0.257005 67
0.009748 78
0.040430 52
0.124277 62
0.010397 71
0.001816 47
0.045598 77
0.010520 86
0.002060 62
0.071305 54
0.010884 66
0.001914 40
0.234979 51
0.009518 64
0.018960 38
0.213906 54
0.009367 67
0.020681 41
0.323761 57
0.009555 65
0.005517 43
0.606161 56
0.012929 61
0.002436 41
0.291091 62
0.013740 77
0.002336 57
0.317941 56
0.017030 69
0.050891 43
0.145654 52
0.008654 65
0.018911 39
0.263173 51
0.015105 64
0.023257 38
0.295960 52
0.011991 65
0.002531 39
0.136530 57
0.009795 70
0.001949 44
0.232099 56
0.009368 66
0.011710 44
0.093632 57
0.009277 67
0.017705 45
0.303075 57
0.006398 68
0.002005 46
0.297129 52
0.009989 65
0.036492 39
0.373569 55
0.011309 68
0.002833 42
0.131666 52
0.012801 65
0.018583 39
0.201700 52
0.010659 69
0.019809 41
0.120003 54
0.013983 67
0.003559 41
0.081355 66
0.006764 69
0.393236 51
0.005125 61
0.002461 35
0.413461 70
0.013162 81
0.002631 55
0.041363 73
0.013486 79
0.006173 59
15.872461 64
0.010284 77
0.002054 49
0.123046 55
0.008390 66
0.001949 40
0.062110 74
0.010048 85
0.001996 61
0.277570 67
0.009687 78
0.004535 54
15.872990 47
0.017909 55
0.001884 31
0.334283 56
0.014350 64
0.003027 40
0.530954 57
0.010728 71
0.001871 47
0.284294 49
0.006011 63
0.005742 39
0.209862 57
0.011839 60
0.003058 36
0.188186 60
0.011846 65
0.018603 41
0.446608 50
0.011575 56
0.019861 32
0.095696 67
0.011565 74
0.002017 50
0.127496 70
0.013759 78
0.018235 54
0.137406 67
0.012733 74
0.002955 50
0.074554 61
0.014608 68
0.001915 44
0.129150 66
0.013792 74
0.001868 50
0.171500 67
0.011520 74
0.002146 50
0.251669 57
0.015092 65
0.037113 41
0.586190 54
0.016271 59
0.042109 35
2.506983 62
0.011312 68
0.028290 44
0.283087 47
0.015088 54
0.002194 30
1.511506 56
0.011739 63
0.004172 37
0.365098 58
0.017403 72
0.019568 44
0.570665 55
0.014622 61
0.016690 35
0.240333 57
0.014907 67
0.018274 43
0.127560 56
0.012848 64
0.045946 38
0.404661 60
0.012391 72
0.002020 46
0.449830 55
0.015392 72
0.007024 44
0.394920 72
0.017079 77
0.003167 51
0.165341 47
0.011469 54
0.001814 30
0.226948 55
0.011711 60
0.035080 33
0.000071 3
0.228238 55
0.014339 66
0.007100 40
0.277665 63
0.011653 68
0.001670 44
0.058049 62
0.015056 64
0.000038 2
0.002086 42
0.112898 66
0.013700 70
0.002785 46
0.183912 67
0.011440 72
0.021661 48
0.172832 67
0.011645 73
0.033542 49
0.156198 64
0.011785 69
0.002163 45
0.084753 57
0.011549 65
0.004560 41
0.189827 58
0.012122 66
0.030560 42
0.240330 56
0.011458 64
0.001852 40
0.237149 63
0.013420 70
0.034772 46
0.224060 59
0.011241 66
0.002066 42
0.069837 58
0.012050 65
0.002291 41
0.126956 65
0.012686 70
0.002059 46
0.183772 62
0.012144 73
0.019873 47
0.140533 56
0.011599 64
0.031630 40
0.160553 59
0.011745 69
0.001938 45
0.341544 50
0.012201 58
0.034739 34
1.961046 71
0.012069 80
0.003436 56
0.057143 72
0.012166 79
0.001613 55
0.113640 68
0.013522 74
0.001826 50
0.113593 62
0.012157 67
0.002499 43
0.095075 64
0.014728 69
0.021909 45
0.149229 58
0.006378 71
0.017288 47
0.188867 57
0.012028 63
0.036213 39
0.302002 65
0.012066 71
0.001967 47
0.115844 60
0.012012 68
0.002153 44
0.192593 62
0.016403 69
0.002045 45
0.183857 58
0.016556 71
0.002534 47
0.075259 68
0.012261 78
0.008659 54
0.201516 54
0.011684 63
0.037150 37
0.068709 55
0.011800 62
0.003018 38
0.164792 57
0.010770 64
0.002323 40
0.131601 56
0.017353 64
0.002723 40
0.092611 58
0.015816 65
0.001951 41
0.133744 61
0.012827 68
0.004480 44
0.176690 62
0.013090 68
0.002950 44
0.047645 56
0.012905 62
0.018249 38
0.090833 59
0.012575 70
0.002196 41
0.000043 3
0.254206 66
0.010869 74
0.001997 48
0.097522 67
0.013386 73
0.016556 49
0.099939 72
0.011823 80
0.007760 56
0.129677 75
0.013246 80
0.001898 56
0.055534 59
0.012307 67
0.001826 43
0.232796 60
0.011828 68
0.001943 44
0.189750 65
0.012255 70
0.011887 46
0.172371 63
0.011906 70
0.002159 46
0.628370 58
0.013126 64
0.001984 40
0.521908 56
0.011967 62
0.001942 38
0.237465 55
0.012178 63
0.001816 39
0.294002 60
0.016817 66
0.002390 42
0.272043 57
0.016738 64
0.017538 40
0.242829 57
0.016655 64
0.003060 40
0.185541 56
0.012189 61
0.001731 37
0.293544 65
0.016319 80
0.002609 56
0.237269 60
0.011877 76
0.033353 52
0.511105 63
0.009993 70
0.002054 46
0.143352 63
0.013722 73
0.004613 49
0.158166 57
0.011621 64
0.003215 40
0.617134 56
0.019196 63
0.002017 39
0.140385 57
0.016339 65
0.002491 41
0.246080 60
0.019435 67
0.019780 43
0.129497 56
0.018610 63
0.001875 39
0.285430 65
0.015965 72
0.026458 48
0.311400 70
0.017565 77
0.007357 53
0.171071 66
0.015585 73
0.002360 49
0.340239 65
0.012230 70
0.019140 46
0.230895 80
0.015170 85
0.003330 61
0.260180 64
0.013699 68
0.001815 44
0.175365 70
0.012601 77
0.002111 53
0.107311 65
0.015874 70
0.003378 46
0.051524 70
0.016652 77
0.003209 53
0.115177 80
0.015642 87
0.017152 63
0.099000 72
0.011895 78
0.001980 54
0.073239 73
0.013454 78
0.003135 54
0.070933 81
0.012749 88
0.002734 64
0.105654 59
0.015984 64
0.002126 40
0.135760 63
0.013035 70
0.010183 46
0.322445 63
0.015369 70
0.001772 46
0.126685 63
0.016231 70
0.021204 46
0.291608 76
0.015965 83
0.002009 59
0.099357 79
0.012702 86
0.001985 62
0.040515 66
0.012310 91
0.002330 67
0.227092 57
0.013976 66
0.002123 39
0.000071 3
0.200107 63
0.012009 71
0.028217 47
0.187153 62
0.011921 69
0.001975 45
0.199774 57
0.016714 65
0.015010 41
0.194581 62
0.012666 69
0.034153 45
0.076583 62
0.012179 68
0.001863 44
0.062989 50
0.012446 58
0.002576 34
0.147474 66
0.012064 73
0.001918 49
0.807260 50
0.013804 57
0.001908 33
0.118089 49
0.012457 56
0.004046 32
0.217754 66
0.019338 73
0.001787 49
0.058455 57
0.014872 68
0.003356 44
0.122891 58
0.013432 70
0.000985 46
0.100847 63
0.012340 71
0.002086 47
0.098728 56
0.012229 65
0.002550 41
0.222616 59
0.011844 66
0.018467 42
0.234286 67
0.012299 74
0.002252 50
0.080173 64
0.015107 72
0.002052 48
0.301287 54
0.013362 75
0.001794 49
0.270499 57
0.013987 64
0.024644 40
0.212456 55
0.014577 80
0.002125 52
0.111662 57
0.012258 66
0.020241 40
0.181868 49
0.018975 58
0.055673 32
2.309910 54
0.015849 70
0.045221 42
2.033843 48
0.013238 55
0.004582 31
0.446824 50
0.014091 63
0.017569 35
0.222628 61
0.012443 67
0.017404 43
0.333227 36
0.033313 42
0.107039 42
0.599679 68
0.112746 6
0.002054 2
0.002048 4
0.001311 18
0.002002 2
0.001772 11
0.010879 4
0.002946 58
0.005186 51
0.006477 54
0.005772 44
0.004739 48
0.004571 47
0.005829 32
0.017479 56
0.005516 55
0.006418 45
0.004783 49
0.006563 51
0.004839 49
0.068847 89
0.573217 48
0.000062 3
0.005624 37
0.000067 3
0.005790 54
0.130323 41
0.000140 3
0.006784 48
0.012113 55
0.000168 3
0.006148 58
0.000164 3
0.006536 37
0.000139 3
0.004991 48
0.000145 3
0.007261 58
0.000145 3
0.007714 34
0.000134 3
0.005984 32
0.000124 3
0.006661 50
0.000120 3
0.012021 40
0.000139 3
0.007485 49
0.000174 3
0.005205 32
0.000068 3
0.007346 43
0.004416 60
0.000065 3
0.007680 48
0.000071 3
0.005159 41
0.000072 3
0.007236 29
0.002297 49
0.007209 44
0.004078 37
0.006441 40
0.000189 3
0.007940 52
0.000183 3
0.005507 35
0.006814 78
0.004177 55
0.004988 36
0.000189 3
0.006341 39
0.007337 44
0.011168 48
0.002507 43
0.010060 36
0.000315 3
0.007025 39
0.000056 3
0.007617 52
0.000053 3
0.011262 66
0.007156 41
0.003870 58
0.004780 39
0.004321 52
0.003736 43
0.005705 49
0.000027 3
0.004910 45
0.006561 40
0.000028 3
0.005829 31
0.003564 46
0.004858 42
0.000028 3
0.007161 37
0.001471 36
0.006921 65
0.003233 48
0.004625 44
0.003648 39
0.000028 3
0.004807 60
0.015185 35
0.000558 3
0.005112 44
0.002887 37
0.000191 3
0.005044 55
0.003287 43
0.004075 63
0.000197 3
0.004696 39
0.000083 3
0.003797 45
0.000152 3
0.004756 45
0.000068 3
0.003281 44
0.000073 3
0.003625 41
0.000067 3
0.004823 48
0.000466 34
0.000063 3
0.004533 51
0.000055 3
0.003769 68
0.000053 3
0.010733 40
0.000038 64
0.000214 48
0.000060 3
0.005130 51
0.000176 3
0.004501 78
0.000173 3
0.005281 33
0.006502 50
0.000052 3
0.004729 51
0.004004 48
0.000164 3
0.004663 44
0.004760 30
0.000169 3
0.002969 44
0.003490 34
0.000183 3
0.005001 73
0.000180 3
0.004063 65
0.000046 3
0.004733 38
0.000039 3
0.003558 48
0.005353 55
0.003944 48
0.004608 32
0.005172 42
0.000039 3
0.003476 46
0.000030 3
0.003805 41
0.000036 3
0.002960 64
0.003841 49
0.000031 3
0.003644 37
0.000027 3
0.003447 61
0.004476 34
0.000030 3
0.005121 76
0.002320 34
0.000027 3
0.003527 37
0.000031 3
0.004658 27
0.003829 59
0.000032 3
0.006122 51
0.004054 51
0.002997 80
0.007315 27
0.000030 3
0.003531 62
0.004191 63
0.000030 3
0.004216 37
0.003442 40
0.000037 3
0.004177 43
0.004654 49
0.000031 3
0.004600 57
0.004233 39
0.000053 3
0.003355 41
0.004095 39
0.000027 3
0.004464 67
0.003848 78
0.000116 3
0.003419 43
0.003137 46
0.003921 81
0.004566 43
0.003860 54
0.003223 44
0.004780 37
0.002182 45
0.000042 3
0.003475 62
0.040721 8
0.005312 40
0.005497 43
0.006191 50
0.005303 45
0.005321 45
0.005980 50
0.213251 41
0.005186 42
0.004996 39
0.029309 51
0.006226 45
0.005900 42
0.005790 42
0.005851 43
0.005045 47
0.005926 57
0.005238 57
0.036874 45
0.057676 40
0.006183 37
0.004861 43
0.006204 57
0.004980 47
0.005028 53
0.006227 35
0.005813 49
0.004972 44
0.022432 44
0.005803 45
0.006023 51
0.004961 50
0.005002 48
0.005591 43
0.007185 55
0.004956 55
0.005339 54
0.132447 48
0.005332 38
0.107747 34
0.030497 68
0.000031 3
0.011316 75
0.039938 75
0.018198 76
0.024234 6
0.001756 2
0.001867 4
0.001196 18
0.001544 2
0.001589 11
0.008408 4
0.011432 64
0.005824 36
0.005286 47
0.006023 60
0.005048 42
0.005752 43
0.005206 48
0.005056 38
0.361201 49
0.004946 53
0.162901 37
0.020636 6
0.001558 2
0.001657 4
0.001173 18
0.001911 2
0.001622 11
0.008711 4
0.003287 54
0.005584 52
0.335638 239
0.031477 102
0.019693 43
0.172697 110
0.035384 13
0.077654 40
0.196087 17
0.000066 9
0.000045 7
0.000217 21
0.000392 53
0.000062 79
0.208924 80
0.201594 80
0.204978 80
0.220358 80
0.206404 80
0.222508 80
0.219708 80
0.217674 80
0.204456 80
0.205105 80
0.272951 80
0.217645 1
0.000156 79
0.453577 80
0.214240 80
0.223544 80
0.212880 80
0.218980 80
0.217623 80
0.313082 80
0.200973 80
0.250329 80
0.207817 80
0.222713 80
0.204337 80
0.215070 80
0.202989 80
0.343444 80
0.219424 80
0.200450 80
0.452197 80
0.210500 80
0.222169 80
0.200233 80
0.206953 80
0.201589 80
0.464280 80
0.215375 80
0.201745 80
0.210264 80
0.213340 80
0.201905 80
0.201920 80
0.202177 80
0.265905 80
0.220973 80
0.215008 80
0.202181 80
0.200420 80
0.202250 80
0.229855 80
0.216212 80
0.215965 80
0.209071 1
0.000511 79
0.237724 80
0.216528 80
0.206293 80
0.208811 80
0.199937 1
0.000233 79
0.390162 80
0.213131 80
0.594907 80
0.219907 80
0.218700 80
0.201679 80
0.264252 80
0.205774 80
0.210027 80
0.220996 80
0.227633 80
0.200460 80
0.221093 80
0.379657 80
0.201731 80
0.210962 80
0.202876 80
0.201663 80
0.212353 80
0.213909 80
0.206039 80
0.208035 1
0.000172 79
0.202038 80
0.289500 80
0.242919 80
0.205061 80
0.213772 80
0.203945 80
0.222690 1
0.000346 79
0.568287 80
0.210809 80
0.204616 80
0.203357 80
0.205105 80
0.203626 80
0.204812 80
0.212728 80
0.216684 80
0.201717 80
0.584985 80
0.225572 80
0.232547 80
0.204022 80
0.200434 80
0.204628 80
0.203777 80
0.205480 80
0.202986 80
0.201485 80
0.201795 80
0.455735 80
0.222624 80
0.201870 80
0.449180 80
0.202469 80
0.202402 80
0.484914 80
0.200648 80
0.511155 80
0.201430 80
0.204439 80
0.391226 80
0.204299 80
0.218256 80
0.332815 80
0.200904 80
0.240707 80
0.256931 80
0.202156 80
0.204817 80
0.330296 80
0.201455 80
0.200734 1
0.000371 79
0.201746 80
0.486964 80
0.206541 80
0.201968 80
0.204675 80
0.518460 80
0.203458 80
0.213195 80
0.375517 80
0.236444 80
0.212257 80
0.204439 80
0.201119 1
0.000092 79
0.204776 80
0.218773 80
0.204469 1
0.000067 79
0.209628 80
0.201026 80
0.200480 80
0.200243 80
0.274846 80
0.211300 80
0.355057 80
0.203904 1
0.000310 79
0.208977 80
0.207078 80
0.200582 80
0.200923 80
0.603515 80
0.201176 80
0.208247 80
0.243797 80
0.200651 1
0.000077 79
0.201647 80
0.203678 80
0.336519 80
0.204650 80
0.307718 80
0.204360 80
0.265916 80
0.266421 80
0.203231 80
0.349676 80
0.201455 80
0.200454 80
0.407097 80
0.202283 80
0.203162 1
0.000215 79
0.234579 80
0.206888 80
0.202436 80
0.201456 80
0.446903 80
0.201254 80
0.200776 80
0.203759 80
0.206753 80
0.366444 80
0.202153 80
0.203245 80
0.202919 1
0.000191 79
0.201105 1
0.000146 79
0.201921 1
0.000140 79
0.204709 80
0.206046 80
0.202048 80
0.563580 80
0.267201 80
0.200659 80
0.199743 80
0.202503 80
0.201484 80
0.413837 80
0.207400 80
0.211710 80
0.200229 80
0.207326 80
0.205531 80
0.205770 80
0.201070 80
0.200328 80
0.200355 80
0.202313 80
0.205635 80
0.205051 80
0.202326 80
0.208602 80
0.201071 80
0.208034 80
0.203069 1
0.000186 79
0.293292 80
0.202728 80
0.199926 80
0.200363 80
0.218055 80
0.219066 80
0.343087 80
0.200944 80
0.200445 80
0.205016 80
0.211669 80
0.203165 80
0.206665 80
0.207386 80
0.205122 80
0.201725 80
0.203171 80
0.204083 80
0.207555 80
0.205769 80
0.203245 80
0.204663 80
0.487879 80
0.201981 80
0.201257 80
0.203335 80
0.200227 80
0.201209 80
0.200985 80
0.290844 80
0.199982 1
0.000161 79
0.203781 1
0.000038 79
0.201147 80
0.207772 80
0.204946 80
0.561321 80
0.201779 80
0.201013 80
0.286412 1
0.000077 79
0.204670 80
0.204266 80
0.224834 80
0.202555 80
0.200310 80
0.203370 80
0.199938 80
0.206354 80
0.317325 80
0.200126 80
0.212103 80
0.202605 80
0.201965 80
0.420326 80
0.202565 80
0.202634 80
0.200411 80
0.200720 80
0.202482 80
0.418127 80
0.202499 80
0.201540 80
0.231195 80
0.345647 80
0.201627 80
0.545251 80
0.202972 80
0.489885 80
0.207903 80
0.344068 80
0.204491 80
0.325402 80
0.203126 80
0.200660 80
0.412279 80
0.256084 80
0.200589 80
0.201923 80
0.204551 80
0.510440 80
0.199932 80
0.380305 80
0.205954 80
0.203208 80
0.204543 1
0.000235 79
0.204547 80
0.523792 80
0.203747 80
0.366098 1
0.000075 79
0.200198 80
0.202871 80
0.205140 80
0.202158 80
0.200770 80
0.201635 80
0.201465 80
0.203417 80
0.530761 80
0.202045 80
0.200634 80
0.203355 1
0.000171 79
0.199830 1
0.000177 79
0.200740 80
0.200066 80
0.261585 80
0.200984 1
0.000074 79
0.395610 80
0.320337 80
0.205468 80
0.203737 80
0.207939 80
0.202071 1
0.000094 79
0.204279 1
0.000173 79
0.211303 80
0.216312 80
0.408094 80
0.203882 80
0.210002 80
0.210190 80
0.202797 80
0.204200 80
0.208444 80
0.206089 80
0.206614 80
0.349416 1
0.000315 79
0.203769 1
0.000204 79
0.200447 1
0.000174 79
0.205906 80
0.341358 80
0.203417 80
0.206516 80
0.213252 80
0.345423 80
0.200306 80
0.202161 80
0.207002 80
0.201136 80
0.206898 80
0.226244 80
0.201058 80
0.200004 80
0.201212 80
0.203249 80
0.204706 80
0.335664 80
0.200634 80
0.487055 80
0.200738 80
0.523365 80
0.208099 80
0.514413 80
0.202496 80
0.202050 80
0.384277 80
0.208129 80
0.205731 80
0.202214 80
0.202705 80
0.214538 80
0.210427 80
0.201027 1
0.000299 79
0.209174 80
0.199778 80
0.214126 80
0.202079 80
0.201882 80
0.201918 1
0.000189 79
0.208923 80
0.200720 80
0.359436 80
0.201490 80
0.205228 80
0.387804 80
0.200326 80
0.201136 80
0.201610 80
0.201836 80
0.201535 80
0.204095 80
0.240867 80
0.200392 80
0.520293 80
0.202047 80
0.206804 80
0.207587 1
0.000079 79
0.203342 80
0.202377 80
0.205477 80
0.374588 80
0.200757 80
0.201466 80
0.218918 80
0.236396 80
0.265892 80
0.201622 80
0.201239 80
0.461569 80
0.203423 80
0.203876 1
0.000181 79
0.456179 80
0.207633 80
0.217076 80
0.370418 80
0.206464 80
0.199659 80
0.203086 80
0.202977 1
0.000340 79
0.200461 1
0.000264 79
0.206230 80
0.207968 80
0.292444 80
0.203269 80
0.282727 80
0.202704 80
0.501460 80
0.210205 80
0.206048 80
0.212020 80
0.523489 80
0.203275 80
0.206225 80
0.232316 80
0.239092 1
0.000211 79
0.199782 1
0.000190 79
0.557555 80
0.215786 80
0.502637 80
0.204454 1
0.000341 79
0.202366 80
0.217975 1
0.000160 79
0.278296 80
0.244943 80
0.232426 80
0.393457 80
0.242562 80
0.202382 1
0.000219 79
0.211894 80
0.468749 80
0.211662 80
0.204937 80
0.418428 80
0.207917 80
0.539426 80
0.204300 80
0.343749 80
0.202476 1
0.000485 79
0.201846 80
0.200063 80
0.201750 80
0.204537 80
0.213751 80
0.210423 80
0.304564 80
0.200474 80
0.208540 80
0.206982 80
0.453672 80
0.203465 80
0.206741 80
0.424336 80
0.209636 80
0.438269 80
0.204622 80
0.204669 80
0.200424 80
0.386613 80
0.328099 1
0.000163 79
0.202767 80
0.202955 80
0.203520 80
0.205407 80
0.289094 80
0.201134 80
0.202137 1
0.000215 79
0.396408 80
0.204337 80
0.294723 80
0.205279 80
0.200206 80
0.209379 80
0.263858 80
0.201510 1
0.000447 79
0.225446 1
0.000226 79
0.200409 80
0.212477 80
0.201233 80
0.202921 80
0.459862 80
0.201659 80
0.200593 80
0.285657 80
0.240202 80
0.204009 80
0.350653 80
0.205428 80
0.370552 80
0.205558 80
0.204461 80
0.200764 80
0.208067 80
0.369676 80
0.253643 80
0.205429 80
0.200747 80
0.220541 1
0.000274 79
0.200777 1
0.000342 79
0.208020 80
0.202078 80
0.208693 80
0.201570 80
0.207209 80
0.380902 80
0.213048 80
0.204493 80
0.230056 80
0.200019 80
0.207966 1
0.000157 79
0.581912 80
0.203418 80
0.207842 80
0.202382 1
0.000106 79
0.205759 80
0.203371 80
0.217103 80
0.206547 80
0.283186 80
0.220168 80
0.210931 80
0.206577 80
0.205671 80
0.201733 80
0.202181 80
0.201322 80
0.206312 80
0.201238 80
0.211637 80
0.399613 80
0.205446 80
0.206871 80
0.204735 80
0.207065 80
0.205551 80
0.205086 80
0.200586 80
0.224353 80
0.202150 80
0.208775 80
0.203427 80
0.201460 80
0.207639 80
0.203625 80
0.200253 80
0.200385 80
0.204600 80
0.260194 80
0.203519 80
0.213427 80
0.199702 80
0.386356 80
0.228313 80
0.217106 80
0.473788 80
0.201683 80
0.207535 80
0.420567 80
0.526592 80
0.217306 80
0.245282 80
0.353037 80
0.200605 80
0.203832 80
0.383617 80
0.201214 80
0.202457 80
0.203843 80
0.202564 1
0.000107 79
0.202166 80
0.201942 1
0.000237 79
0.206705 80
0.201565 80
0.209899 80
0.464469 80
0.211482 80
0.200491 80
0.505279 80
0.203315 80
0.201653 80
0.204295 80
0.204251 80
0.201538 80
0.204685 80
0.204628 80
0.206120 80
0.441639 80
0.206504 1
0.000112 79
0.205633 80
0.199847 80
0.219645 80
0.385280 80
0.208905 80
0.208995 80
0.204341 80
0.200771 80
0.406539 80
0.202265 80
0.200733 80
0.434419 80
0.209548 80
0.206587 80
0.205810 1
0.000229 79
0.202909 80
0.205256 1
0.000468 79
0.199852 80
0.282837 80
0.203651 80
0.203771 80
0.435020 80
0.204113 80
0.204832 80
0.212183 80
0.201770 80
0.204673 80
0.201694 80
0.202558 80
0.208768 80
0.203895 80
0.207279 80
0.203896 80
0.344392 1
0.000224 79
0.209389 80
0.210168 80
0.202257 80
0.208151 80
0.214053 80
0.204492 80
0.200745 80
0.200692 80
0.201039 80
0.202210 80
0.204733 1
0.000103 79
0.205887 80
0.210394 80
0.201464 80
0.202408 80
0.206822 80
0.307946 80
0.249406 80
0.213287 80
0.203985 80
0.208620 80
0.532658 80
0.199945 80
0.201913 1
0.000124 79
0.206493 80
0.200483 1
0.000107 79
0.201122 80
0.208836 80
0.200958 80
0.201161 80
0.319118 80
0.200060 80
0.234052 80
0.205805 80
0.202383 80
0.204578 80
0.203734 80
0.292105 80
0.202390 80
0.202067 80
0.209485 80
0.205196 80
0.201892 80
0.333217 80
0.212492 80
0.201221 80
0.232405 80
0.368299 80
0.208838 80
0.207272 80
0.202861 80
0.218668 80
0.201079 80
0.201529 80
0.202214 80
0.200276 80
0.203776 1
0.000077 79
0.524689 80
0.200054 80
0.397152 80
0.214201 80
0.202438 80
0.204387 80
0.202707 80
0.209961 80
0.403631 80
0.206809 80
0.201267 80
0.208204 80
0.405082 80
0.201362 80
0.208154 1
0.000164 79
0.208714 80
0.201375 80
0.202274 80
0.200861 80
0.200446 80
0.201749 80
0.202190 80
0.209964 1
0.000182 79
0.554223 80
0.204536 80
0.220182 80
0.203570 80
0.209505 80
0.570071 80
0.205890 80
0.205278 80
0.201813 80
0.208227 80
0.203002 80
0.207495 80
0.207494 1
0.000113 79
0.204311 80
0.203688 80
0.200007 1
0.000077 79
0.399394 80
0.205277 80
0.266856 80
0.202536 80
0.207323 80
0.201448 80
0.202114 80
0.202081 80
0.201009 80
0.297354 80
0.205898 1
0.000043 79
0.204369 80
0.590709 80
0.200997 80
0.202277 80
0.513327 80
0.202275 80
0.213853 80
0.200297 80
0.442268 80
0.205666 80
0.205194 80
0.201959 80
0.206298 80
0.203182 80
0.206969 80
0.205661 80
0.245918 80
0.202110 80
0.201081 80
0.201360 80
0.200639 80
0.206158 80
0.204419 80
0.200846 80
0.203259 80
0.202502 80
0.405609 80
0.206823 80
0.199772 1
0.000181 79
0.204154 80
0.200519 80
0.204160 80
0.202623 80
0.202622 80
0.224989 80
0.200165 80
0.204930 80
0.199986 80
0.216085 80
0.230979 80
0.200463 1
0.000087 79
0.227825 80
0.215063 80
0.205831 1
0.000615 79
0.216567 80
0.205612 80
0.208772 80
0.200641 1
0.000044 79
0.205048 80
0.202941 80
0.202752 80
0.207959 80
0.207649 80
0.332180 80
0.203014 80
0.207073 80
0.203454 80
0.205090 80
0.203417 80
0.200203 80
0.200635 80
0.206564 80
0.200663 80
0.200066 80
0.570220 80
0.202296 80
0.207481 80
0.206352 80
0.257447 80
0.201087 80
0.200886 80
0.201106 80
0.201908 80
0.327006 80
0.209021 80
0.201815 80
0.320733 80
0.200916 80
0.319666 80
0.205153 80
0.201836 80
0.206075 80
0.202187 80
0.310134 80
0.206280 80
0.202664 80
0.204759 80
0.206546 80
0.458945 80
0.201540 80
0.202480 80
0.208928 80
0.205196 80
0.211627 80
0.209516 80
0.257090 80
0.200785 80
0.204265 80
0.201361 80
0.201775 80
0.204404 80
0.207126 80
0.225786 80
0.203057 80
0.200177 80
0.200044 80
0.200797 80
0.226816 80
0.205474 80
0.218174 80
0.479464 80
0.207363 80
0.204657 80
0.200544 80
0.395227 80
0.202889 80
0.209609 80
0.201924 1
0.000182 79
0.204952 80
0.234632 80
0.203106 80
0.200170 80
0.206024 80
0.204069 80
0.202884 80
0.215042 80
0.205326 80
0.202525 80
0.200121 80
0.207913 80
0.204648 80
0.238097 80
0.203216 80
0.206520 80
0.201595 80
0.211948 80
0.202275 80
0.203650 1
0.000076 79
0.203368 80
0.261836 80
0.203615 80
0.267290 80
0.201487 80
0.200100 80
0.211345 80
0.199846 80
0.215546 80
0.200397 80
0.200315 80
0.413355 80
0.201190 80
0.205994 80
0.204996 80
0.539440 80
0.212761 80
0.243639 80
0.206399 80
0.205164 80
0.204820 80
0.206746 80
0.202075 80
0.199990 80
0.202422 80
0.200568 80
0.209148 80
0.200079 80
0.202661 80
0.212178 80
0.427368 80
0.213142 80
0.202657 1
0.000233 79
0.200077 80
0.215229 80
0.196973 80
0.203380 1
0.000098 79
0.202597 1
0.000260 79
0.199973 1
0.000238 79
0.201352 1
0.000270 79
0.203026 1
0.000183 79
0.205309 1
0.000251 79
0.236125 1
0.000084 79
0.349884 80
0.210212 80
0.223066 80
0.199869 80
0.462553 80
0.202212 80
0.210749 80
0.298836 80
0.207797 80
0.203509 80
0.217300 80
0.209323 1
0.000076 79
0.200278 80
0.616438 80
0.209612 80
0.209841 80
0.200813 80
0.201712 80
0.200377 80
0.200878 80
0.200303 1
0.000076 79
0.200503 80
0.202422 80
0.449529 80
0.219599 80
0.253088 80
0.205756 80
0.201597 80
0.203486 80
0.224303 80
0.336199 80
0.218811 80
0.208045 80
0.240057 80
0.326380 80
0.208303 1
0.000075 79
0.473547 80
0.229756 80
0.208616 80
0.202109 1
0.000285 79
0.200219 1
0.000215 79
0.205300 80
0.204323 80
0.203080 80
0.203887 80
0.208480 1
0.000365 79
0.207526 80
0.204858 80
0.205733 80
0.344867 80
0.351275 80
0.373667 80
0.241253 80
0.545767 80
0.202473 80
0.200230 80
0.204269 80
0.355151 80
0.238362 80
0.238816 80
0.200000 80
0.201289 80
0.212231 1
0.000238 79
0.203552 1
0.000256 79
0.202180 80
0.432203 80
0.199949 80
0.200552 80
0.201138 80
0.201128 1
0.000186 79
0.212232 80
0.212510 80
0.205434 80
0.325353 80
0.216414 80
0.206050 80
0.204162 80
0.201266 1
0.000242 79
0.531895 80
0.202939 80
0.206594 80
0.201709 80
0.199848 80
0.201456 80
0.201510 80
0.203211 80
0.242706 80
0.204612 80
0.203352 80
0.200602 1
0.000066 79
0.203956 80
0.198927 80
0.204727 80
0.203402 80
0.201485 80
0.201315 80
0.203920 80
0.200617 80
0.205425 80
0.203921 80
0.200351 80
0.245200 80
0.210743 80
0.201207 80
0.205212 1
0.000079 79
0.503008 80
0.243722 80
0.202353 80
0.200544 80
0.207470 80
0.223576 80
0.251934 80
0.247177 80
0.202541 80
0.220324 80
0.203724 1
0.000221 79
0.200382 1
0.000149 79
0.205908 80
0.201663 80
0.436613 80
0.203393 80
0.202235 80
0.206777 80
0.200754 80
0.209656 80
0.204552 80
0.209846 80
0.202948 80
0.200776 80
0.201652 80
0.211707 80
0.201898 80
0.356079 80
0.203775 80
0.203875 1
0.000073 79
0.211678 80
0.200129 80
0.204531 80
0.202817 80
0.204826 80
0.211723 80
0.206056 80
0.229101 80
0.202157 80
0.204638 80
0.502712 80
0.202905 80
0.200979 80
0.476537 80
0.200926 80
0.208701 80
0.431698 80
0.202526 1
0.000174 79
0.204236 80
0.203844 80
0.204356 80
0.306116 80
0.216686 80
0.203444 80
0.205448 80
0.200442 80
0.200048 80
0.205754 80
0.206596 80
0.200242 80
0.521212 80
0.199764 80
0.209931 80
0.200794 80
0.202551 80
0.203626 80
0.202373 80
0.205036 80
0.202385 1
0.000082 79
0.208972 80
0.202766 80
0.358166 80
0.204471 80
0.330270 80
0.209037 80
0.201808 80
0.208317 80
0.206326 80
0.203548 1
0.000236 79
0.515363 80
0.210815 80
0.201536 80
0.204361 80
0.389436 80
0.204243 80
0.238193 80
0.209905 80
0.201469 80
0.216787 80
0.254761 80
0.204903 80
0.204083 80
0.065154 83
0.000097 106
0.003147 52
4.078330 40
0.000152 92
0.059849 46
2.339891 54
0.023553 104
0.005270 74
0.621958 74
0.586025 30
0.347299 68
0.094569 62
0.004702 48
0.004581 44
0.004770 53
0.612474 57
0.006526 43
0.005340 42
0.004612 44
0.005688 57
0.006785 36
0.005905 48
0.064426 65
0.005713 50
0.005163 41
0.006289 32
0.005218 52
0.043659 41
0.048935 45
0.006039 48
0.012287 46
0.063802 38
0.037654 57
0.042357 43
0.124338 45
0.067648 47
0.100070 33
0.036902 43
0.005499 37
0.006044 42
0.007439 33
0.236487 34
0.003266 9
0.399818 45
0.006347 44
0.005148 41
0.005415 39
0.017407 42
0.005362 38
0.006297 47
7.968795 42
0.005341 47
0.006050 51
0.005060 57
0.003827 60
0.004463 31
0.005976 43
0.005723 45
0.026515 57
0.006489 64
0.003542 40
0.005137 45
0.008608 39
0.000060 2
0.005224 50
0.005382 41
0.006694 40
0.008474 57
0.010442 39
0.000424 2
0.026722 38
0.000200 2
0.004943 45
0.000155 2
0.006820 37
0.014107 63
0.006463 45
0.006608 57
0.014839 45
0.987246 80
0.006575 3
1.282296 8
0.000474 8
0.007046 40
0.006546 41
0.007848 47
0.004966 50
0.006427 50
0.000047 3
0.009470 56
0.005053 38
0.005116 68
0.006110 39
0.006995 62
0.005295 48
0.006342 50
0.004804 42
0.006480 52
0.334163 45
0.006476 42
0.006602 55
0.006677 45
0.008215 54
0.004722 53
0.005273 49
0.007092 45
0.009133 48
0.004879 41
0.005645 49
0.006216 42
0.008096 57
0.005036 50
0.004831 49
0.005918 50
0.006592 44
0.005181 40
0.005307 42
0.005702 35
0.009950 41
0.004938 45
1.422721 52
0.005617 42
0.005534 35
0.005872 42
0.005617 55
0.006192 51
0.005387 42
0.005806 45
0.005491 58
0.000072 2
0.393716 21
0.000211 94
0.000074 3
0.020655 127
0.009063 115
0.009734 127
0.008038 139
0.009436 133
0.006648 121
0.006386 58
1.361318 40
0.005780 47
0.006236 60
0.015748 115
0.007418 133
0.008206 121
0.007293 127
0.007228 121
0.013595 118
0.007166 115
0.007602 133
0.016364 121
0.008126 124
0.008299 121
0.007980 118
0.000021 3
0.008186 118
0.007222 118
0.007118 115
0.009305 136
0.007419 124
0.008140 124
0.008067 121
0.006956 124
0.007121 21
0.000189 94
0.000111 3
0.007549 133
0.008817 121
0.007543 121
0.004237 36
0.006443 46
0.006738 39
0.005658 55
0.006590 47
0.006533 43
0.021053 44
0.005151 41
0.005463 39
0.007556 43
0.005793 48
0.005745 38
0.006250 51
0.007324 60
0.006870 51
0.006652 47
0.007464 33
0.006217 45
0.006029 46
0.006236 53
0.006046 45
0.000135 2
0.007160 47
0.005810 48
0.006307 46
0.006608 46
0.000137 2
0.007172 45
0.051793 41
0.022074 41
0.009246 50
0.006219 50
0.006165 49
0.006414 44
0.005634 39
0.450081 38
0.009439 41
0.006380 63
0.006063 39
0.005699 49
0.005689 54
0.006564 46
0.006512 46
0.005976 41
0.006068 54
0.006151 47
0.006979 31
0.005959 46
0.007782 53
0.006060 37
0.006260 47
0.006276 35
0.019401 104
0.000027 3
0.007994 110
0.007376 104
0.007622 122
0.009778 113
0.010117 122
0.010205 128
0.039289 116
0.024200 47
0.019166 46
0.009205 47
0.005301 42
0.011033 40
0.007748 53
0.007870 50
0.007294 49
0.006015 59
0.006686 47
0.086922 40
0.009042 47
0.006022 43
0.005845 43
0.458738 55
0.007453 47
0.000027 3
0.005617 60
0.050534 42
0.079919 34
0.005260 46
0.006073 42
0.006477 55
0.005692 56
0.005431 38
0.022088 39
0.005216 46
0.005412 53
0.005555 41
0.006674 48
0.035410 54
0.514240 150
0.000075 99
0.000139 163
0.000054 103
0.000125 66
4.305554 8
0.000422 38
0.003267 7
0.002110 48
0.000048 46
2.240603 544
5.324286 2
0.002238 26
0.000670 2
0.003060 20
0.000224 6
0.000181 1
0.000230 10
0.001264 54
0.000871 2
0.000830 2
0.001084 43
0.000051 6
0.000266 1
0.000253 6
0.000160 2
0.000484 2
0.000946 37
0.000210 6
0.000159 1
0.000181 18
0.000126 2
0.101931 7
0.000466 98
10.574904 115
0.002411 104
15.646826 114
174.320162 161
6.063308 8
2.526860 24
0.953989 23
0.015960 82
0.093712 36
0.179004 48
1.665274 6
0.001980 2
0.001904 4
0.001491 18
0.002072 2
0.001991 11
0.011402 3
0.038000 63
3.000202 27
