0.012151 17
0.003824 27
0.214054 11
0.005201 11
0.001750 14
0.004842 26
0.000076 53
0.540088 29
0.143604 64
0.039359 64
0.233197 66
0.951651 33
0.506274 101
0.009630 37
0.234598 166
1.651087 67
0.032543 158
0.018596 233
0.100156 114
0.050644 12
0.052529 28
0.100815 25
0.051415 21
0.050330 22
0.050786 58
0.052405 54
0.050324 45
0.000302 97
0.003394 50
0.024176 14
0.002085 26
0.000046 15
0.002620 62
0.004489 7
0.003181 11
0.001538 17
0.005907 17
0.125513 40
0.036392 26
0.010942 24
0.086488 25
0.009360 25
0.120046 51
0.225975 47
0.443147 61
0.102000 41
0.007369 41
0.024938 42
0.007699 42
0.026907 41
0.006614 41
0.027460 36
0.016801 36
0.070028 37
0.008179 37
0.031581 35
0.007563 35
0.035432 36
0.008110 36
0.032828 37
0.007820 37
0.029690 48
0.009551 48
0.031200 33
0.009577 33
0.032864 36
0.007290 36
0.030601 37
0.007303 37
0.030522 38
0.005642 38
0.028386 35
0.005177 35
0.028586 29
0.010213 29
0.038499 28
0.018860 28
0.063536 41
0.014233 41
0.055808 30
0.008844 30
0.033875 34
0.007342 34
0.032950 40
0.008473 40
0.035623 31
0.008039 31
0.034956 37
0.006321 37
0.028291 34
0.005137 34
0.029975 41
0.008844 41
0.036150 44
0.006927 44
0.030701 40
0.006643 40
0.028814 32
0.011356 32
0.045198 29
0.007074 29
0.032871 36
0.006634 36
0.029170 42
0.008673 42
0.035680 36
0.008140 36
0.036150 45
0.006529 45
0.030736 50
0.009392 50
0.033120 38
0.006783 38
0.028659 42
0.009521 42
0.037269 35
0.013259 35
0.047700 25
0.012754 25
0.049732 43
0.005973 43
0.031131 35
0.006453 35
0.031391 41
0.014941 41
0.049863 47
0.007621 47
0.033140 50
0.007163 50
0.034477 37
0.007709 37
0.028120 34
0.006967 34
0.031881 44
0.010630 44
0.042610 36
0.006000 36
0.031839 32
0.019933 32
0.079381 26
0.005893 26
0.027361 31
0.007964 31
0.038004 39
0.008215 39
0.032968 40
0.007559 40
0.030515 39
0.005392 39
0.028508 34
0.006834 34
0.029136 30
0.008989 30
0.031237 26
0.013392 26
0.055461 32
0.006058 32
0.029915 35
0.006462 35
0.029043 36
0.006985 36
0.029002 45
0.007494 45
0.030323 42
0.005587 42
0.030710 39
0.007455 39
0.030495 46
0.006832 46
0.030846 43
0.011228 43
0.046637 31
0.007649 31
0.032221 49
0.006629 49
0.030732 45
0.007489 45
0.030619 40
0.006947 40
0.028997 31
0.006966 31
0.028756 32
0.006645 32
0.028673 36
0.006241 36
0.026681 40
0.007954 40
0.032020 38
0.006555 38
0.030437 45
0.007617 45
0.029217 48
0.004933 48
0.024067 43
0.006498 43
0.030341 48
0.006392 48
0.027469 46
0.007418 46
0.028425 35
0.006706 35
0.032852 33
0.008979 33
0.035151 31
0.006746 31
0.027264 33
0.008311 33
0.031589 43
0.008432 43
0.029755 44
0.007446 44
0.027674 31
0.008989 31
0.032497 34
0.007109 34
0.027796 44
0.007775 44
0.033762 44
0.007564 44
0.029708 48
0.008350 48
0.027489 45
0.011669 45
0.045147 34
0.010106 34
0.045458 29
0.007543 29
0.030049 47
0.009414 47
0.029058 43
0.008256 43
0.033143 30
0.012617 30
0.044803 44
0.008666 44
0.031524 41
0.005476 41
0.029791 36
0.005913 36
0.032034 46
0.011391 46
0.036517 34
0.006140 34
0.022630 39
0.006150 39
0.031472 30
0.007018 30
0.024915 43
0.010144 43
0.037294 32
0.006480 32
0.029772 37
0.013175 37
0.050091 27
0.008716 27
0.035550 29
0.006623 29
0.030473 32
0.006348 32
0.026348 31
0.006363 31
0.031333 31
0.006101 31
0.030873 39
0.011451 39
0.034410 31
0.005468 31
0.028317 40
0.006404 40
0.030386 51
0.006752 51
0.027324 37
0.007461 37
0.031871 33
0.005841 33
0.028099 44
0.005803 44
0.030015 48
0.006799 48
0.030999 50
0.006534 50
0.029912 35
0.006506 35
0.029909 50
0.006132 50
0.028781 50
0.006589 50
0.028631 49
0.005905 49
0.029153 53
0.007596 53
0.030350 37
0.006788 37
0.029230 47
0.006357 47
0.034615 49
0.006123 49
0.030521 31
0.007293 31
0.030469 35
0.007603 35
0.032229 41
0.007548 41
0.027769 61
0.010251 61
0.035082 61
0.011240 61
0.042977 39
0.008013 39
0.037008 39
0.007090 39
0.029987 25
0.005957 25
0.029860 28
0.007463 28
0.030755 39
0.010886 39
0.042283 40
0.010546 40
0.044362 39
0.006453 39
0.032470 33
0.008068 33
0.028781 33
0.005930 33
0.030309 36
0.007616 36
0.029769 31
0.007974 31
0.029057 36
0.006794 36
0.029009 42
0.006746 42
0.027801 42
0.010968 42
0.043610 37
0.005387 37
0.029133 62
0.006449 62
0.030458 53
0.006922 53
0.032896 51
0.007607 51
0.027463 50
0.006284 50
0.033740 45
0.003529 45
0.022378 33
0.009487 33
0.035485 40
0.006730 40
0.029188 36
0.006499 36
0.031118 35
0.006891 35
0.029474 47
0.006016 47
0.030664 33
0.005937 33
0.031367 35
0.011217 35
0.051045 38
0.021699 38
0.082398 31
0.012182 31
0.041462 36
0.007485 36
0.028292 32
0.007794 32
0.030094 28
0.008736 28
0.036379 50
0.008153 50
0.033911 49
0.009076 49
0.035614 60
0.008351 60
0.032415 27
0.006873 27
0.027471 48
0.010690 48
0.045846 51
0.007938 51
0.032514 39
0.006261 39
0.027381 38
0.005480 38
0.030900 32
0.007599 32
0.027149 55
0.007560 55
0.027256 33
0.009112 33
0.028801 47
0.006225 47
0.030734 37
0.007248 37
0.031525 40
0.006727 40
0.032024 42
0.008771 42
0.036297 25
0.007028 25
0.034581 45
0.005664 45
0.030046 43
0.009786 43
0.031316 38
0.006851 38
0.030578 37
0.007202 37
0.033420 39
0.008832 39
0.030540 46
0.007778 46
0.030623 44
0.007463 44
0.037326 34
0.011094 34
0.040756 37
0.005242 37
0.031411 37
0.007594 37
0.031189 41
0.008476 41
0.032989 37
0.005754 37
0.032233 44
0.007149 44
0.028791 36
0.006491 36
0.030646 41
0.005129 41
0.027662 45
0.006067 45
0.029276 44
0.010736 44
0.045425 53
0.007058 53
0.030058 48
0.008828 48
0.040003 33
0.010079 33
0.040171 41
0.005432 41
0.029834 47
0.037732 47
0.113371 39
0.015567 39
0.056641 49
0.160631 34
0.020428 29
0.028311 26
0.028381 24
0.330936 29
0.017761 28
0.017834 29
0.016177 27
0.036415 36
0.022063 27
0.051329 30
0.017697 25
0.016189 27
0.011498 26
0.013587 22
0.092522 23
0.178478 28
0.192745 26
0.025299 27
0.025716 37
0.018853 28
0.036162 32
0.029311 31
0.023837 27
0.099346 37
0.026276 33
0.045015 25
0.107693 38
0.014975 33
0.009246 30
0.022103 28
0.034740 31
0.022078 28
0.318136 29
0.023288 36
0.013711 30
0.020014 23
0.023873 23
0.179087 29
0.018730 27
0.030627 27
0.015454 33
0.041406 28
0.053368 27
0.034064 27
0.026334 28
0.032381 25
0.023030 28
0.025362 28
0.038662 28
0.031302 32
0.021195 29
0.123486 28
0.120300 28
0.085505 23
0.045280 23
0.024659 27
0.014047 24
0.032919 33
0.017746 26
0.020742 27
0.013735 26
0.015078 30
0.021273 32
0.025745 23
0.011928 27
0.127615 24
0.097242 23
0.023130 31
0.023678 30
0.037124 22
0.043870 25
0.255147 32
2.243634 35
0.136481 33
0.025376 34
0.032446 31
0.026827 29
0.653077 34
0.021432 33
0.025400 34
0.019108 32
0.039706 35
0.027936 32
0.053099 35
0.030148 30
0.031054 32
0.018835 31
0.022934 21
0.117522 22
0.191139 27
0.312110 25
0.076265 32
0.032395 36
0.025066 33
0.046741 37
0.028830 36
0.030645 32
0.098492 36
0.031791 38
0.259075 24
0.132798 37
0.026611 32
0.026783 29
0.031960 33
0.050567 36
0.038041 27
0.334560 28
0.037114 41
0.023965 29
0.031434 22
0.108086 22
0.207918 34
0.042557 26
0.039729 26
0.022439 32
0.055315 27
0.061247 32
0.043020 32
0.024824 33
0.039475 30
0.026505 33
0.033710 33
0.056263 33
0.039049 37
0.039449 28
0.152011 27
0.132968 27
0.090449 22
0.057142 22
0.037343 26
0.022440 23
0.041195 32
0.025489 25
0.027476 26
0.021967 25
0.029057 29
0.057887 31
0.033039 22
0.018696 26
0.143026 23
0.119980 22
0.036820 30
0.038657 29
0.048127 21
0.062496 24
0.280897 37
0.036761 36
0.000903 28
0.001434 34
0.004177 32
0.000851 38
0.000814 35
0.002575 31
0.262496 28
0.000813 36
0.001733 28
0.009540 43
0.000703 29
0.000837 27
0.012277 36
0.000665 36
0.000759 35
0.000481 33
0.002500 39
0.000590 39
0.000681 35
0.000686 35
0.000672 34
0.000602 32
0.000681 34
0.000603 31
0.209737 34
0.000529 31
0.009636 193
0.003859 28
0.000754 34
0.002185 30
0.019244 37
0.000734 29
0.006032 33
0.000589 31
0.000638 23
0.001116 29
0.002719 21
0.000207 2
0.004301 35
0.000615 38
0.003005 24
0.006980 29
0.000534 24
0.001073 27
0.257605 26
0.286449 24
0.000499 24
0.387908 39
0.010631 34
0.221903 38
0.004172 22
0.000368 2
0.091578 40
0.020173 34
0.310426 26
0.076581 25
0.034730 34
0.013622 35
0.000467 35
0.000358 25
0.000077 35
0.004298 30
0.135657 29
0.004016 34
0.000682 27
0.042918 31
1.298557 33
0.236580 24
0.001245 28
0.016506 33
1.011907 25
0.047951 22
0.051181 40
0.041937 34
0.070137 37
0.124437 21
0.178958 33
0.152946 33
0.026240 36
0.038372 36
0.076346 38
0.047348 21
0.027611 27
0.059368 32
0.047834 31
0.020752 36
0.021466 39
0.026772 36
0.032629 33
0.060627 40
0.038852 35
0.154406 31
0.029295 35
0.037585 30
0.043511 23
0.026539 22
0.043945 22
0.049442 35
0.039664 40
0.021676 36
0.021032 40
0.020612 39
0.020732 30
0.048648 27
0.028244 32
0.026348 34
0.025738 24
0.056011 23
0.465080 30
0.068024 33
0.032396 22
0.026051 34
0.027254 33
0.029725 32
0.021022 29
0.062374 32
0.036791 23
0.106320 31
0.043315 31
0.022151 26
0.099784 26
0.064224 33
0.028115 33
0.030218 32
0.040208 36
0.029098 37
0.024261 47
0.027207 26
0.075672 32
0.034191 34
0.041952 30
0.030916 34
0.044744 34
0.104677 33
0.056692 33
0.034239 22
0.031314 22
0.035755 27
0.115791 32
0.030409 26
0.029131 32
0.026842 35
0.035551 31
0.022410 35
0.036793 34
0.027355 35
0.121199 31
0.023888 43
0.028216 34
0.034540 32
0.029864 37
0.044805 42
0.022060 33
0.076854 35
0.058713 36
0.023296 32
0.034396 34
0.028159 32
0.032395 35
0.110599 25
0.415196 27
0.029019 22
0.087914 27
0.052143 25
0.024254 32
0.112202 37
0.058307 33
0.027916 37
0.031557 31
0.025947 32
0.029087 33
0.035532 39
0.054289 36
0.025410 35
0.031260 25
0.084609 26
0.031374 30
0.040707 25
0.047095 21
0.036594 28
0.046599 26
0.073362 22
0.107751 26
0.032853 26
0.046370 35
0.063625 31
0.032045 32
0.046005 35
0.028431 40
0.027994 36
0.026932 31
0.187690 37
0.031141 32
0.078229 22
0.114591 37
0.039352 29
0.813603 21
0.147676 35
0.010732 34
0.000450 37
0.000444 35
0.004230 34
0.000442 36
0.000481 24
0.003797 34
0.000588 28
0.000409 24
0.218682 35
0.000402 36
0.000625 39
0.000584 23
0.001027 24
0.008245 38
0.000394 35
0.000609 29
0.000394 38
0.000579 33
0.000670 34
0.000539 38
0.000556 33
0.000477 24
0.000471 33
0.000509 45
0.000578 44
0.000471 36
0.001353 75
0.000841 34
0.000298 33
0.000375 36
0.000506 23
0.241663 34
0.000391 37
0.000442 36
0.000414 32
0.000429 25
0.000880 35
0.000993 26
0.046871 37
0.250560 24
0.007160 34
0.000545 35
0.000507 28
0.000510 38
0.000519 39
0.000632 35
0.239392 28
0.010796 42
0.017153 38
0.000435 29
0.000664 30
0.000482 38
0.000434 33
0.000456 42
0.000413 39
0.006585 31
0.241040 36
0.007370 33
0.000583 42
0.000469 38
0.001197 32
0.009906 37
0.000368 29
0.000588 27
0.271798 36
0.000238 35
0.002734 24
0.582272 33
0.000509 36
0.006318 27
1.854839 29
0.000354 34
0.001793 27
0.082150 37
0.000512 35
0.000548 34
0.009273 27
0.009251 32
0.007255 34
0.001313 28
0.020520 39
0.000499 40
0.000943 25
0.712504 37
0.001094 24
0.076787 35
0.002859 49
0.005070 34
0.007417 23
0.032699 33
0.000725 36
0.000558 34
0.000720 42
0.000677 24
0.003313 28
0.001238 41
0.001889 35
0.000922 37
0.000404 28
0.000479 41
0.000322 37
0.000761 23
1.030602 35
0.008077 37
0.000953 31
0.000717 36
0.000212 2
0.002235 26
0.000209 2
0.564326 89
0.000491 25
0.000471 37
0.001307 33
0.006525 32
0.000266 2
0.000701 37
0.000195 2
0.000697 22
0.000197 2
0.000635 33
0.000196 2
0.000971 42
0.007178 34
0.145169 41
0.000878 39
0.000859 39
0.001627 34
1.630882 27
0.271697 32
0.006239 28
0.015846 40
2.204126 83
0.623586 30
0.047856 29
0.005137 32
0.320921 12
0.002640 54
0.001632 97
0.000866 115
0.005060 122
0.000049 57
0.557791 90
0.050065 12
0.000496 40
0.051528 21
0.000084 35
0.000539 50
0.000255 80
0.051669 84
0.000507 92
0.004284 52
0.031536 80
0.004806 25
0.001796 26
0.001046 26
0.000778 26
0.001383 26
0.002043 26
0.000389 52
0.000032 78
0.000143 208
0.000017 49
0.000013 51
0.001884 59
0.000264 43
0.014151 44
0.007723 7
0.002672 18
0.032829 13
0.463171 83
0.000300 37
0.085686 50
0.001966 52
0.021290 53
0.000214 70
0.000032 63
0.004361 93
0.081591 166
0.004022 94
0.177808 43
0.001035 52
0.122603 193
0.146166 96
0.000739 62
0.231259 97
0.501209 36
0.500870 37
0.501094 37
0.500807 37
0.500966 37
0.500967 37
0.501162 37
0.500681 37
0.500870 37
0.385955 80
0.001693 80
0.105252 81
0.000698 78
0.000401 2
0.000441 80
0.501581 80
0.500931 80
0.501236 80
0.009206 80
0.500833 80
0.500775 80
0.501360 80
0.501107 80
0.500831 80
0.500908 80
0.501311 80
0.501090 80
0.501124 80
0.334066 80
0.000685 322
0.501287 80
0.503703 80
0.498871 80
0.339011 80
0.500859 80
0.501201 80
0.500850 80
0.500917 80
0.501161 80
0.501045 80
0.500932 80
0.501257 80
0.500728 80
0.500986 80
0.412174 80
0.002559 80
0.501224 80
0.501257 80
0.500834 80
0.419330 197
0.019274 29
0.012771 29
0.056056 29
0.734062 30
0.623124 60
0.099356 30
0.711679 30
0.643359 60
0.059875 30
0.537371 60
0.133320 33
0.112224 7
0.003622 62
0.023832 29
0.051079 64
0.016533 64
0.074196 66
0.419678 36
0.893895 41
0.003578 34
0.016381 165
0.020805 122
0.508331 23
0.004747 25
0.001895 26
0.000980 26
0.001010 26
0.001141 26
0.002161 26
0.000556 208
0.000262 229
0.000205 2
0.001642 45
0.000224 2
0.005521 35
0.000243 2
0.003087 50
0.000229 2
0.075276 23
0.004723 25
0.001896 26
0.001140 26
0.001106 26
0.002006 26
0.001460 26
0.000613 182
0.000034 52
0.000124 78
0.000091 26
0.000086 27
0.000077 22
0.000078 49
0.000080 3
0.001965 75
0.705563 36
0.026902 29
0.053199 64
0.016799 64
0.075414 66
0.417224 138
0.734966 54
0.003809 54
0.050736 47
0.004500 65
0.033430 168
0.013910 13
0.501045 25
0.055497 38
0.038350 13
0.338191 13
0.140514 246
0.000288 112
0.400527 215
0.055838 48
0.188683 143
0.004016 36
0.000576 25
0.000591 27
0.000553 93
0.000538 2
0.001252 27
0.000679 91
0.000154 33
0.107013 217
0.005798 90
0.000079 97
0.000058 37
0.047429 68
0.000113 33
0.709853 73
0.005853 25
0.002978 26
0.001051 26
0.002008 26
0.002059 26
0.001332 26
0.000485 439
0.001952 55
0.000337 31
0.031816 56
0.003076 59
0.000245 37
0.019625 58
0.002893 61
0.000280 39
0.020050 49
0.001497 57
0.003316 33
0.032209 53
0.002821 59
0.000391 37
0.029719 54
0.003525 62
0.000524 38
0.032183 38
0.000476 40
0.000672 34
0.076832 32
0.000517 38
0.022667 39
0.345037 84
0.001951 102
0.000363 73
0.025981 24
0.048732 2
0.016249 27
0.486648 32
0.089758 60
0.896415 78
0.004313 59
0.000208 264
0.000134 78
0.000104 78
0.000102 70
0.000098 67
0.000094 69
0.000240 298
0.000114 153
0.000107 74
0.000104 70
0.000092 225
0.000376 151
0.000213 147
0.000104 76
0.000420 218
0.000297 74
0.000111 154
0.000098 143
0.000260 80
0.000278 76
0.000513 71
0.000212 145
0.000318 76
0.000206 104
0.005351 1606
0.279112 253
0.000172 225
0.000111 68
0.000087 77
0.000141 76
0.000105 79
0.000079 73
0.000235 345
0.000245 80
0.000157 72
0.001327 647
0.000439 294
0.000076 73
0.000127 73
0.000424 75
0.000552 218
0.000229 80
0.000138 77
0.000544 44
0.001621 42
0.000367 79
0.000617 69
0.000423 76
0.000199 64
0.000813 72
0.000630 75
0.001210 61
0.026906 69
0.000102 102
1.234307 96
0.000152 2
0.304072 97
0.058705 92
0.664232 111
0.158297 91
1.339951 103
0.000709 2
0.154962 105
0.000643 2
1.068176 91
1.181051 93
0.302481 96
0.095249 96
0.016178 96
0.087768 96
0.012420 96
0.241914 106
0.003851 113
0.002779 97
0.573837 111
0.033920 97
0.000436 2
0.064986 97
0.142901 101
0.041979 96
0.062056 97
0.049944 98
0.000273 2
0.109750 96
0.036949 99
0.153903 96
0.009866 98
0.449785 98
0.013877 106
0.050517 98
0.191798 102
0.323492 93
0.503813 97
0.162103 91
0.403573 99
0.044761 98
0.301405 96
0.008014 99
0.005176 93
0.449207 103
1.338508 103
0.003101 99
1.439414 91
0.090113 96
0.045618 95
0.013866 98
0.565028 101
0.037907 113
0.002309 106
0.003096 96
0.096185 102
0.050999 95
0.108235 98
0.060102 102
0.037736 95
0.099798 97
0.010884 101
0.041678 94
2.985926 102
0.297039 99
0.518301 97
0.050585 100
0.097583 94
0.003450 94
0.094704 98
0.359389 89
0.115229 97
0.039899 93
0.969028 89
0.013740 107
0.252936 105
0.613996 102
0.003388 96
0.040558 102
0.108873 105
0.048853 107
0.628838 96
0.182435 104
0.006630 94
0.005165 94
0.093199 95
0.004507 96
0.460980 100
0.879019 102
1.992851 100
0.056316 101
0.054970 92
0.439992 98
0.054613 91
0.363009 99
0.105856 100
0.006776 96
0.150210 96
0.038574 102
0.305753 100
0.324613 97
0.444483 94
0.002205 97
0.002100 89
0.057284 92
0.143283 101
0.005772 96
0.304907 97
0.162609 106
0.812834 101
0.146673 116
0.618065 99
0.009714 98
0.034293 99
0.228481 99
0.087181 105
0.407815 97
1.070310 94
0.225535 95
0.254280 95
0.032794 94
3.792367 93
0.002466 97
0.014718 96
0.030951 98
0.000664 96
0.110188 96
0.056842 96
0.093910 97
0.048266 96
0.009161 100
0.350678 101
0.862802 94
3.737872 92
0.002264 104
0.569936 94
3.685100 185
0.112805 97
0.506947 92
0.057965 93
0.660264 99
0.000181 97
0.149174 96
0.303534 101
0.050388 100
0.003676 92
0.098487 94
0.199140 94
0.002818 104
0.062490 118
0.003363 109
0.001260 90
0.035638 101
0.411532 97
0.049714 105
0.017942 98
0.491242 111
0.003785 94
0.101466 95
0.366943 104
12.490745 107
0.005929 94
0.602774 97
0.422837 98
0.034469 91
0.890583 97
0.291117 95
0.025430 97
0.014249 99
0.222749 91
0.621714 102
0.186371 102
0.159380 93
0.199094 95
0.226765 110
0.087527 100
0.012849 100
0.191822 98
0.009905 95
0.044865 99
0.096547 99
0.103766 101
0.421276 103
0.090114 102
0.114904 100
0.040543 94
0.007315 95
0.046127 92
0.011044 102
0.031032 103
0.108998 101
0.042969 96
0.570807 94
1.994419 92
0.150402 95
0.013439 97
0.044877 96
0.006518 96
0.037403 99
0.011090 104
0.042179 91
0.005255 99
0.115092 103
0.101121 96
0.002418 91
0.235424 94
0.004540 110
0.007884 115
0.003134 107
0.001627 103
0.000077 2
0.001423 108
0.000077 2
0.096351 114
0.098768 113
0.200909 119
0.152100 108
0.047582 113
0.054460 118
0.009861 112
0.005892 102
0.399679 102
0.470744 97
0.050148 100
0.003861 108
0.000336 106
0.001035 101
0.001670 96
0.194543 101
0.512590 101
0.000629 95
0.145997 92
0.002149 91
0.008063 103
0.035641 100
0.005294 100
0.003462 103
0.002564 100
0.189508 97
0.010488 99
0.090575 99
1.242136 103
0.351047 98
0.012597 103
0.005978 98
0.002704 100
0.000886 98
0.029853 95
0.048158 98
0.109770 97
0.301035 102
0.378304 96
0.202583 94
0.032415 97
0.779107 94
0.051546 100
0.295183 97
0.004706 92
0.052206 92
0.120033 100
0.095094 98
0.260173 93
0.237296 102
0.222272 95
0.040747 101
0.050902 92
0.006906 94
0.306816 89
0.102330 107
0.053446 91
0.085054 98
0.018762 97
0.081374 90
0.216757 103
0.004239 101
1.026072 94
0.005056 98
0.001985 100
0.002046 91
0.007071 96
1.367117 90
0.344083 93
0.000847 40
0.720558 40
0.164269 40
0.173144 40
0.146106 40
0.145069 40
0.141522 40
0.136066 40
0.138822 40
0.142796 40
0.134127 43
0.013596 29
0.918298 23
0.005189 25
0.001179 26
0.002058 26
0.001220 26
0.001349 26
0.001925 26
0.000825 182
0.000059 205
0.000047 52
0.001988 60
0.000720 60
0.025676 61
0.002651 61
0.000470 45
0.034776 46
0.025513 23
0.004604 25
0.001003 26
0.001863 26
0.000950 26
0.001116 26
0.001921 26
0.000843 52
0.000087 182
0.000015 52
0.000198 153
0.001740 55
0.000560 57
0.121673 53
0.003057 55
0.564805 53
0.463337 59
0.429619 38
0.000274 84
0.425990 23
0.004613 25
0.000854 26
0.001956 26
0.001131 26
0.000997 26
0.001999 26
0.000929 439
0.002562 112
0.158390 35
0.009644 50
0.040189 60
0.000205 23
0.005484 25
0.001723 26
0.002568 26
0.001617 26
0.001739 26
0.002500 26
0.001029 439
0.002484 59
0.000390 43
0.042701 44
0.024619 23
0.004678 25
0.001074 26
0.001904 26
0.001014 26
0.001135 26
0.001899 26
0.000835 78
0.000101 104
0.000117 257
0.002094 60
0.000543 67
0.031957 43
0.028340 23
0.005713 25
0.001351 26
0.001923 26
0.001008 26
0.001171 26
0.001891 26
0.000851 130
0.000038 26
0.000030 78
0.000075 78
0.000039 127
0.001731 58
0.000614 58
0.026517 60
0.002677 60
0.000413 44
0.052550 45
0.025447 23
0.004725 25
0.001162 26
0.001618 26
0.001059 26
0.001067 26
0.001857 26
0.000905 52
0.000054 52
0.000036 156
0.000035 78
0.000457 101
0.001353 59
0.003139 53
0.089711 38
0.000596 61
0.029296 23
0.004668 25
0.001013 26
0.001884 26
0.001050 26
0.001011 26
0.001930 26
0.000902 387
0.000158 52
0.001780 68
0.000606 62
0.024034 75
0.000580 70
0.023679 59
0.000782 60
0.284708 38
0.027708 23
0.004821 25
0.000948 26
0.002019 26
0.000986 26
0.000957 26
0.002189 26
0.000883 439
0.001845 73
0.000552 68
0.020845 58
0.002962 62
0.000357 46
0.061370 47
0.028756 23
0.004558 25
0.001228 26
0.001761 26
0.001025 26
0.002372 26
0.001130 26
0.001086 234
0.000060 26
0.000053 179
0.001769 59
0.038301 66
0.075906 44
0.031548 23
0.004947 25
0.000910 26
0.001806 26
0.000948 26
0.000871 26
0.001775 26
0.001076 26
0.000943 26
0.000068 234
0.000048 153
0.001809 65
0.000739 69
0.034492 48
0.024812 23
0.004695 25
0.000889 26
0.001644 26
0.000892 26
0.000909 26
0.001776 26
0.001054 26
0.000963 26
0.000073 234
0.000048 153
0.001810 59
0.000699 59
0.057761 44
0.030014 23
0.004481 25
0.000919 26
0.001708 26
0.000953 26
0.000929 26
0.001843 26
0.001117 26
0.000983 26
0.000149 52
0.000025 234
0.000118 49
0.000079 52
0.001763 60
0.000837 60
0.040304 45
0.025537 86
0.004651 25
0.000811 26
0.001696 26
0.000900 26
0.000903 26
0.001715 26
0.001031 26
0.001006 260
0.000044 79
0.000022 74
0.001841 63
0.000364 47
0.097042 48
0.029410 23
0.004458 25
0.000803 26
0.001703 26
0.000900 26
0.000763 26
0.001036 26
0.001886 26
0.000945 312
0.000061 101
0.001932 58
0.000628 63
0.043491 43
0.029584 23
0.005025 25
0.000726 26
0.002058 26
0.001176 26
0.000546 26
0.001155 26
0.001838 26
0.000901 413
0.002507 124
0.080398 47
0.038894 23
0.006239 25
0.001174 26
0.001523 26
0.000958 26
0.000962 26
0.001008 26
0.001794 26
0.000853 413
0.002226 58
0.000533 65
0.035789 43
0.027814 23
0.004585 25
0.000898 26
0.001783 26
0.000904 26
0.000994 26
0.000956 26
0.001849 26
0.000901 260
0.000065 101
0.000434 52
0.001562 60
0.000633 66
0.144443 45
0.025644 84
0.005085 25
0.000838 26
0.001876 26
0.001043 26
0.000771 26
0.001758 26
0.001061 26
0.000972 234
0.000056 176
0.000057 3
0.001748 60
0.000430 44
0.032487 45
0.029578 23
0.005956 25
0.001263 26
0.002127 26
0.001323 26
0.000886 26
0.001040 26
0.001763 26
0.000959 413
0.001999 68
0.001112 61
0.028434 60
0.000681 51
0.062459 54
0.046405 45
0.204673 64
0.000946 61
0.140159 49
0.030536 23
0.004667 25
0.000885 26
0.001698 26
0.001188 26
0.001512 26
0.001079 26
0.001787 26
0.000972 26
0.000088 26
0.000045 104
0.000046 104
0.000053 153
0.002013 60
0.000551 66
0.083155 45
0.033139 23
0.004384 25
0.000832 26
0.001556 26
0.000925 26
0.000888 26
0.001077 26
0.001792 26
0.000975 78
0.000101 104
0.000132 231
0.001725 54
0.000619 55
0.068533 33
0.026400 85
0.005118 25
0.001203 26
0.002004 26
0.000729 26
0.000872 26
0.001138 26
0.001706 26
0.000936 312
0.000048 49
0.000055 52
0.001887 64
0.000381 45
0.024011 54
0.002524 63
0.000498 38
0.144233 58
0.002656 61
0.000508 42
0.028826 64
0.000824 60
0.024944 50
0.003123 58
0.007367 33
0.162728 61
0.002999 68
0.000303 45
0.506365 65
0.003785 117
0.025239 61
0.003514 64
0.000184 45
0.577431 48
0.003639 57
0.012959 32
0.044555 57
0.003269 62
0.000149 43
0.041031 59
0.003790 61
0.000416 42
0.046157 62
0.000812 66
0.174822 61
0.003839 66
0.000108 47
0.039006 73
0.003647 78
0.000514 59
0.027990 66
0.003433 71
0.000440 52
0.020696 60
0.003384 62
0.000371 43
0.057060 67
0.000581 69
0.041236 60
0.000438 62
0.073943 63
0.000499 65
0.038193 66
0.000416 68
0.027117 58
0.003339 61
0.000177 42
0.054342 61
0.003397 62
0.000312 43
0.022780 61
0.003565 68
0.000256 49
0.034191 58
0.003163 59
0.000429 40
1.050025 57
0.003349 68
0.000397 49
0.096631 55
0.003718 64
0.000501 39
0.177928 56
0.004197 63
0.000070 40
0.063708 57
0.003601 66
0.000718 41
0.040240 56
0.003659 59
0.000383 36
0.025753 51
0.003696 60
0.039799 35
0.086449 56
0.003311 65
0.000401 40
0.151127 47
0.004197 55
0.083509 30
0.074480 58
0.003807 63
0.463989 40
0.051782 54
0.004201 58
0.000343 35
0.387125 48
0.003514 54
0.000323 29
0.028478 70
0.004023 72
0.000416 53
0.107436 61
0.003939 69
0.007021 44
0.251151 44
0.327007 54
0.007013 43
0.001016 45
1.143862 82
0.010182 25
0.002159 26
0.001731 26
0.001284 26
0.002135 26
0.002378 26
0.001073 338
0.000085 101
0.002742 66
0.000438 42
0.026132 59
0.003999 60
0.000446 42
0.030750 59
0.003491 67
0.000323 49
0.037503 62
0.003481 70
0.000436 52
0.034360 69
0.003547 70
0.000595 52
0.236993 53
0.003879 60
0.000616 36
0.034836 67
0.004486 68
0.000333 50
0.032177 43
0.400302 74
0.007410 25
0.002570 26
0.001219 26
0.001649 26
0.002152 26
0.002180 26
0.000389 234
0.000113 52
0.000097 153
0.003134 60
0.005856 34
0.035629 61
0.003881 54
0.054044 61
0.000821 62
0.029632 63
0.022430 62
0.165555 68
0.020200 67
0.099790 69
0.017709 119
0.015308 111
0.005393 70
0.827199 121
0.021461 113
0.118995 68
0.024765 69
0.046905 56
0.004346 68
0.000475 42
0.037787 52
0.004118 58
0.000433 34
0.134126 62
0.004535 65
0.000479 45
0.047251 58
0.000631 53
0.112157 50
0.004279 66
0.000412 40
0.081649 59
0.004827 66
0.000206 42
0.064508 60
0.004407 63
0.000205 43
0.064338 58
0.004120 61
0.000374 41
0.030801 66
0.004464 69
0.000385 49
0.110938 64
0.003995 67
0.000442 47
0.136991 54
0.005166 63
0.004419 37
0.145081 53
0.004235 59
0.000340 35
0.025728 61
0.004345 63
0.000302 43
0.023508 46
0.004059 56
0.000284 30
0.042631 52
0.004868 59
0.000445 35
0.064173 57
0.004217 67
0.000376 43
0.034693 52
0.005381 64
0.003876 38
0.083583 53
0.004155 63
0.000585 39
0.027134 65
0.004470 70
0.000361 50
0.296538 61
0.004389 66
0.000394 46
0.086997 69
0.004567 80
0.000550 54
0.292692 52
0.004726 63
0.000185 37
0.025831 59
0.005063 63
0.000519 43
0.025915 55
0.004738 65
0.000322 39
0.104603 56
0.006270 64
0.000609 38
0.031585 64
0.004319 69
0.000276 49
0.179748 59
0.004616 61
0.000448 41
0.397589 58
0.005051 60
0.000494 40
0.090499 58
0.004838 61
0.000389 41
0.053829 57
0.004583 60
0.000440 40
0.024016 49
0.004950 58
0.000429 32
1.064982 47
0.004901 60
0.000318 32
0.024535 58
0.005151 61
0.000417 41
0.025334 57
0.004722 60
0.000386 40
0.023101 60
0.005173 63
0.000429 43
0.023283 58
0.005640 61
0.000512 41
0.068592 58
0.004955 61
0.000350 41
0.036766 58
0.005338 61
0.000373 41
0.057334 59
0.004452 62
0.000306 42
0.034042 57
0.005390 60
0.000256 40
0.020093 62
0.004782 65
0.000277 45
0.033453 62
0.004739 65
0.000408 45
0.279462 49
0.004798 58
0.000379 32
1.124676 47
0.004552 60
0.000333 32
0.022263 65
0.005132 68
0.000122 48
0.300022 49
0.005983 58
0.000342 32
1.149575 47
0.005543 92
0.020581 48
0.005232 59
0.000377 33
0.064438 56
0.004751 62
0.000336 38
0.120007 49
0.005246 58
0.000317 32
0.035064 52
0.005001 58
0.000339 34
0.109285 59
0.005015 65
0.000396 39
0.023553 51
0.005465 65
0.000516 37
0.066825 51
0.005060 61
0.000399 35
0.099051 59
0.005129 67
0.000339 43
0.048429 48
0.006144 65
0.000491 39
0.024863 48
0.004812 58
0.000293 32
0.045560 51
0.004843 59
0.000301 35
0.054732 57
0.005296 59
0.000290 35
0.020568 63
0.005192 69
0.000325 45
0.030465 76
0.005039 83
0.000300 59
0.023632 67
0.005075 74
0.000354 50
0.021382 47
0.005282 55
0.000311 29
0.033512 62
0.005335 66
0.000398 46
0.158552 59
0.005343 63
0.000332 40
0.000050 3
0.035457 61
0.005046 71
0.000363 51
0.032124 51
0.005230 63
0.000364 37
0.195653 59
0.007249 76
0.000524 52
0.027775 54
0.005331 60
0.000155 36
0.049031 53
0.005248 59
0.000418 35
0.135138 60
0.006167 78
0.000261 52
0.099426 58
0.005426 68
0.000295 44
3.054277 55
0.005365 70
0.000425 46
0.032250 64
0.005057 73
0.000351 47
0.038149 59
0.005883 72
0.000250 48
0.019514 51
0.005413 60
0.000178 34
0.042012 54
0.005927 62
0.000508 38
0.130984 63
0.000600 58
0.033379 57
0.000379 56
0.069522 63
0.000515 62
0.026535 91
0.000063 80
0.016475 51
0.008412 61
0.000224 35
0.044345 53
0.005387 63
0.000327 37
0.058713 55
0.005893 65
0.000295 39
0.114035 47
0.005572 57
0.000359 31
0.089382 58
0.005792 110
0.061537 58
0.005186 68
0.003569 42
0.037407 49
0.005933 59
0.000453 33
0.053550 51
0.005416 61
0.025150 35
0.068392 68
0.005804 78
0.000610 56
0.037745 51
0.005479 67
0.000525 39
0.030207 58
0.005661 66
0.000459 42
0.090702 61
0.005918 63
0.000422 43
0.025483 52
0.005420 60
0.000535 34
0.029882 61
0.005706 65
0.000545 45
0.053601 62
0.005532 65
0.000702 45
0.063509 61
0.005615 67
0.000362 43
0.147693 61
0.005809 69
0.295354 45
0.046703 64
0.005941 68
0.000235 48
0.040033 58
0.006039 66
0.000378 46
0.044173 50
0.005296 60
0.000354 34
0.027940 58
0.005572 61
0.000418 41
0.036191 48
0.005331 57
0.000445 31
0.029144 51
0.005378 68
0.000176 42
0.029068 69
0.000778 72
0.056159 57
0.005736 66
0.001665 42
0.034050 51
0.006708 63
0.000488 37
0.124507 47
0.005802 61
0.037392 33
0.713943 50
0.007120 58
0.000626 34
0.031967 48
0.005511 60
0.000590 34
0.033747 60
0.005710 106
0.036602 49
0.005865 61
0.000403 35
0.025988 58
0.005643 61
0.000574 41
0.026062 55
0.006194 64
0.000530 38
0.036041 64
0.005869 69
0.000504 45
0.035769 54
0.006327 57
0.000250 33
0.022138 59
0.005799 64
0.025590 40
0.033192 49
0.005836 68
0.000340 42
0.024163 61
0.006395 63
0.020991 39
0.021746 47
0.005936 57
0.008524 31
0.090969 50
0.006535 59
0.000074 33
0.025850 66
0.005866 75
0.000311 51
0.027070 69
0.006112 80
0.000735 54
0.021727 67
0.006266 73
0.000416 49
0.035869 64
0.008678 70
0.000381 46
0.022999 71
0.005754 76
0.000316 56
0.055678 75
0.005878 80
0.000347 60
0.057239 74
0.005898 79
0.000365 59
0.058045 80
0.005952 85
0.000390 65
0.071457 64
0.006054 74
0.000500 54
0.040028 69
0.005591 79
0.000356 59
0.036776 73
0.005793 83
0.000370 63
0.024844 66
0.005876 77
0.000292 51
0.024242 59
0.005909 67
0.000312 43
0.193690 56
0.006101 68
0.000154 44
0.051785 58
0.006057 62
0.000382 42
0.030441 61
0.005839 65
0.000299 45
0.043136 69
0.006233 74
0.000284 50
0.025027 65
0.007240 71
0.000410 44
0.000078 3
0.027180 59
0.005950 68
0.000340 46
0.029830 60
0.006436 62
0.000361 42
0.039303 62
0.005884 65
0.000364 45
0.209631 64
0.006920 68
0.000187 44
0.021597 51
0.005883 60
0.000249 34
0.038094 48
0.005947 59
0.006684 31
0.022722 48
0.006244 56
0.000229 32
0.028568 61
0.006026 68
0.000393 44
0.024042 57
0.006050 65
0.000320 41
0.026630 59
0.006172 66
0.000343 42
0.022629 61
0.006238 68
0.000279 44
0.021201 58
0.005912 65
0.006155 41
0.029617 55
0.006098 62
0.000469 38
0.022160 61
0.005900 64
0.000244 44
0.028507 60
0.006241 63
0.000576 43
0.472372 59
0.006651 67
0.000142 47
0.162726 60
0.006386 63
0.000402 43
0.027656 62
0.006111 70
0.000475 48
0.025803 62
0.005939 65
0.000433 45
0.021097 57
0.006114 67
0.000414 45
0.021713 59
0.005897 66
0.000500 44
0.022937 57
0.006259 61
0.000414 41
0.028910 55
0.005939 66
0.000447 40
0.068573 58
0.006685 65
0.000158 43
0.092621 55
0.006232 67
0.000356 43
0.146711 48
0.006143 62
0.006877 36
0.101574 51
0.006488 59
0.000324 35
0.034023 56
0.006250 62
0.000334 38
0.365255 51
0.007721 59
0.000062 33
0.038327 47
0.007235 108
0.108282 54
0.007009 63
0.000486 37
0.030533 50
0.009833 58
0.000194 32
0.032790 49
0.006726 58
0.000406 32
0.064040 58
0.006561 66
0.000356 42
0.037407 51
0.007351 64
0.021917 38
0.101920 50
0.006896 59
0.003685 33
0.089239 60
0.007156 68
0.000346 42
0.123803 55
0.006809 61
0.004051 35
0.036760 48
0.006890 110
0.034161 52
0.007859 58
0.000155 34
0.022393 50
0.007208 60
0.000237 34
0.086095 48
0.005390 55
0.009802 29
0.054222 56
0.006851 72
0.000404 46
0.050597 49
0.007746 57
0.000232 31
0.040302 51
0.006544 63
0.000319 39
0.042622 52
0.006613 63
0.000323 35
0.030297 48
0.006674 56
0.000592 30
0.095388 61
0.006871 67
0.011861 43
0.035243 51
0.008711 67
0.010395 39
0.178055 50
0.006940 60
0.000488 34
0.038794 51
0.006739 63
0.000411 37
0.031187 57
0.006550 65
0.008400 39
0.050149 47
0.008584 58
0.000827 32
0.054152 54
0.007439 61
0.013503 37
0.467148 47
0.010499 56
0.010180 30
0.122190 56
0.007840 60
0.000171 36
0.041828 46
0.000802 44
0.000336 42
0.000680 45
0.000140 44
0.000449 44
0.000444 36
1.928297 45
0.000729 35
0.000624 38
0.000891 36
0.005715 42
0.001002 34
0.000975 55
0.000847 60
0.000969 39
0.000874 60
0.001052 53
0.000913 43
0.000940 37
0.039311 41
0.000470 37
0.418281 97
0.041146 46
0.001365 36
0.000860 38
0.001953 44
0.001320 42
0.000912 44
0.005338 47
0.000693 35
0.445602 42
0.000597 42
0.000442 47
0.015099 40
0.008441 43
0.001107 42
0.001655 44
0.000762 50
0.001660 34
0.315110 32
0.024905 50
0.000547 42
0.000638 47
0.000545 40
0.000593 34
0.006550 95
0.016284 41
0.000631 40
0.000585 43
0.000955 35
0.302635 51
0.508221 27
6.269894 4
0.041645 46
0.000876 31
0.000533 66
0.000840 48
0.000676 50
0.000863 46
0.000523 33
0.000359 46
0.000524 46
0.000660 39
0.000449 44
0.000604 33
0.479595 42
0.000466 44
0.000740 79
0.000598 51
0.000465 45
0.000391 41
0.000502 45
0.000561 33
0.000312 44
0.000430 41
0.003818 49
0.000644 44
0.000849 64
0.000237 46
0.009084 48
0.017665 30
0.000717 44
0.000432 31
0.105382 47
0.000302 48
0.000868 38
0.049748 36
0.000536 44
0.000796 36
0.151725 51
0.003525 43
0.001894 41
0.072836 43
0.000463 36
0.003837 43
0.000679 43
0.000615 59
0.019837 47
0.000935 30
0.038929 33
0.000301 77
0.000275 71
0.947090 52
0.000785 50
0.000776 43
0.753233 38
0.001558 49
0.392410 44
0.053744 39
0.261898 95
0.000691 48
0.000242 39
0.001480 84
0.394365 45
0.000071 48
0.000679 45
0.000648 50
0.000460 40
0.041961 90
0.033093 46
0.000445 48
0.000455 42
0.000389 44
0.001642 44
1.178857 45
1.367852 30
0.052562 39
0.000998 57
0.001143 42
0.000889 42
0.001260 44
0.001044 30
0.000957 52
0.001102 40
0.006744 34
0.000258 62
1.862272 50
0.016795 23
0.049123 41
0.002068 41
0.001466 46
0.002376 40
0.001820 43
0.001810 32
0.046723 57
0.001402 44
0.000953 45
0.001258 53
0.000577 44
0.000952 40
0.000433 3
0.001075 38
0.000284 3
0.001126 40
0.000260 3
0.001147 41
0.000485 64
0.016297 112
0.011381 33
0.000563 33
0.006265 35
0.000119 45
0.000506 46
0.706172 88
0.018910 145
0.000888 42
0.009850 42
0.000863 38
0.000451 60
0.000909 47
0.000647 36
0.018060 121
0.003247 123
0.003292 121
0.016493 46
0.011518 46
0.000526 39
0.000585 61
0.000738 38
0.005005 42
0.000464 36
0.000429 39
0.000846 53
0.001123 41
0.759215 25
0.022133 4
0.001359 38
0.001100 31
0.059744 35
0.527311 41
0.014843 57
0.021983 35
0.006602 105
0.005540 36
0.000504 36
0.000676 31
0.000777 33
0.018132 51
0.000073 52
0.000505 53
0.000770 48
0.000653 38
0.058747 32
0.029596 40
0.000474 34
0.001062 39
0.542206 33
0.003561 40
0.002295 52
0.000372 45
0.000803 34
0.336224 40
71.052697 46
0.000346 43
0.000669 42
0.000480 47
0.000698 35
0.000471 40
0.000575 36
0.038149 42
0.000556 32
0.000529 37
0.006558 102
0.004209 55
0.000872 49
0.000792 49
0.000743 53
0.000772 46
0.000777 41
0.000740 37
0.000504 43
0.000455 42
0.000094 2
0.000397 45
0.000087 2
0.000370 37
0.000086 2
0.006093 35
0.000139 2
1.652673 36
0.000820 43
0.000326 43
0.000626 49
0.013327 50
0.001041 55
0.000207 46
0.000511 39
0.006996 105
0.001629 38
0.000337 35
0.000515 60
0.000404 51
0.000430 46
0.000508 35
0.240856 50
0.002305 43
0.002349 34
0.001928 40
0.001759 33
0.001345 33
0.001620 35
0.001476 35
0.001539 43
0.356950 34
0.065099 36
0.002106 36
0.146348 29
0.126264 30
0.015550 30
0.107942 30
0.016946 30
0.095968 33
0.109526 30
0.108854 30
0.108020 25
0.118026 23
0.111637 29
0.108106 23
0.115805 24
0.108204 31
0.116009 28
0.100639 26
0.103726 27
0.114207 26
0.109330 30
0.113070 25
0.109571 39
0.111836 41
0.109013 26
0.105368 31
0.113400 29
0.095828 86
0.101849 35
0.958274 41
0.115190 86
0.024151 271
0.001228 75
0.009345 4
0.395282 245
0.014326 33
0.002459 33
0.026135 33
0.105151 85
0.014413 40
0.002003 57
0.001973 40
0.009767 57
0.003700 35
0.002023 43
0.002230 36
0.001757 33
0.000677 51
0.000958 34
0.005090 32
0.026135 44
0.019874 36
0.002357 33
0.001805 44
0.001967 40
0.007447 89
0.009525 97
0.003237 91
0.003162 93
0.003249 87
0.004432 91
0.004169 87
0.013609 48
0.011911 57
0.008398 45
1.230692 80
0.003064 8
0.008468 54
3.809170 51
0.000317 41
0.003151 51
0.002245 83
0.673836 65
0.004173 22
0.002469 32
0.007247 58
0.005887 61
0.005122 36
0.004656 15
0.003170 65
0.003381 54
0.004881 13
0.002157 55
0.000095 9
0.000713 8
0.002372 20
0.003506 20
0.000613 18
0.004294 63
0.004526 21
0.001519 32
0.009167 41
0.005616 35
0.002951 8
1.297854 19
0.366821 19
0.000629 40
0.000479 53
0.028839 29
0.017257 29
0.026365 29
1.125578 30
0.141812 60
0.853179 30
0.479026 60
0.555987 60
0.096879 33
0.081547 96
0.073363 66
0.414812 101
0.000596 37
0.762471 78
0.004165 59
0.000437 54
0.000616 57
0.000152 79
0.000442 151
0.000616 70
0.000778 134
0.001469 74
0.004409 225
0.093213 47
0.000760 60
0.000149 79
0.000444 151
0.000608 70
0.000945 149
0.000966 78
0.000402 9
0.032411 170
0.025672 13
0.273401 13
0.032891 13
0.003803 13
0.000610 13
0.000966 25
0.001744 25
0.000345 25
0.000606 25
0.038507 25
0.062873 34
0.000795 56
0.001780 56
0.096776 70
0.001043 70
0.001213 70
0.002481 70
0.000578 70
0.001133 70
0.080139 70
0.052407 70
0.001179 70
0.000307 70
0.000981 70
0.000655 70
0.000599 118
0.490601 61
0.223095 80
0.000826 80
0.002519 80
0.000219 80
0.000892 142
0.001535 80
0.000433 142
0.062205 159
0.000124 110
0.148970 52
0.000593 52
0.211205 52
0.001787 52
0.000983 82
0.001083 52
0.002317 52
0.228372 52
0.001524 52
0.000309 52
0.215388 82
0.002487 30
0.000165 52
0.000403 52
0.240059 52
0.001248 52
0.277286 77
0.030257 47
0.004548 47
0.000385 47
0.000099 72
0.095689 123
0.000221 34
0.007739 35
0.000086 24
0.000449 26
0.000347 101
0.000041 2
0.000342 42
0.005430 67
0.000060 121
0.000071 33
0.501242 34
0.500955 34
0.111021 59
0.000196 161
0.501020 38
0.322890 215
0.311456 246
0.057613 201
0.000439 37
0.002072 204
0.096744 256
0.501111 52
0.500724 80
0.500947 80
0.501116 80
0.500626 80
0.501154 80
0.501213 80
0.500521 80
0.500709 80
0.500922 80
0.056058 80
0.000138 192
0.000144 80
0.501251 80
0.256191 277
0.000680 80
0.500872 80
0.500887 80
0.500698 80
0.500962 80
0.501230 80
0.500628 80
0.344371 80
0.000200 172
0.000148 80
0.131949 254
0.000145 80
0.222458 272
0.000248 80
0.501115 80
0.500888 80
0.501141 80
0.500873 80
0.456969 255
0.000041 80
0.094597 257
0.000061 2
0.000209 80
0.061020 336
0.079166 343
0.001806 336
0.013543 268
0.000075 80
0.058453 80
0.000111 81
0.000234 177
0.100760 342
0.052873 183
0.000396 80
0.001021 80
0.000187 81
0.000084 102
0.000242 80
0.081790 80
0.098643 184
0.000455 80
0.068385 80
0.000317 81
0.000075 102
0.000187 2
0.000181 80
0.000710 80
0.000276 184
0.000045 2
0.000183 80
0.089343 80
0.000177 81
0.000130 101
0.000814 80
0.003324 80
0.000654 81
0.000036 100
0.000083 80
0.000392 80
0.000045 81
0.000031 99
0.000068 80
0.001555 80
0.000043 81
0.000029 103
0.000014 2
0.000064 80
0.003871 345
0.082863 161
0.000214 107
0.000370 80
0.016062 80
0.001224 81
0.000112 104
0.000197 80
0.092793 267
0.001066 80
0.000276 81
0.000020 104
0.000066 80
0.001212 80
0.000294 81
0.000128 95
0.000279 80
0.006938 197
0.632431 40
0.076701 43
0.015869 29
0.191518 71
0.008594 25
0.002031 26
0.003326 26
0.001843 26
0.003047 26
0.003632 26
0.003995 26
0.000984 413
0.004709 65
0.000068 38
0.114120 56
0.006929 64
0.024008 41
0.027550 58
0.007177 70
0.007096 45
0.024142 52
0.006149 62
0.000277 37
0.130795 61
0.007966 66
0.000368 47
0.102011 48
0.007219 60
0.000352 35
0.053963 67
0.006977 76
0.000350 53
0.024837 57
0.006339 61
0.000498 42
0.020711 62
0.006463 70
0.000445 51
0.034167 68
0.007333 82
0.000450 55
0.735651 63
0.006963 77
0.000418 50
0.242438 68
0.006456 82
0.000263 55
0.758809 50
0.006407 57
0.000358 32
0.046010 49
0.006342 59
0.000205 34
0.085801 42
0.033149 107
0.000749 46
0.010503 103
0.055458 86
0.008952 25
0.002692 26
0.003048 26
0.001961 26
0.003886 26
0.003322 26
0.003988 26
0.000523 208
0.000067 78
0.000054 127
0.004652 77
0.468188 50
0.744548 58
0.008691 60
0.000091 41
0.045294 56
0.006218 64
0.000122 45
0.033758 46
0.007366 95
0.026893 63
0.007111 68
0.000284 45
0.020804 55
0.006694 60
0.000158 37
0.032981 63
0.007514 73
0.000378 48
0.044974 58
0.006317 63
0.000324 40
0.045594 56
0.006183 66
0.000372 41
0.031643 60
0.009412 69
0.000525 44
0.020763 61
0.006576 69
0.000294 48
0.040889 67
0.006884 69
0.000197 50
0.034418 65
0.006458 70
0.000354 47
0.022730 65
0.007361 70
0.000394 47
0.028540 60
0.007168 111
0.029717 61
0.007796 66
0.000311 43
0.024555 59
0.006393 65
0.000179 42
0.021146 66
0.007210 71
0.000444 48
0.021615 64
0.006805 69
0.000316 46
0.031059 58
0.006587 74
0.000370 47
0.023441 59
0.007519 70
0.000512 47
0.032010 64
0.007197 71
0.000328 46
0.022272 58
0.006811 70
0.000305 45
0.023974 53
0.007306 60
0.000394 35
0.050833 46
0.000749 49
0.000691 42
0.000527 54
0.000440 33
0.005144 48
0.000519 48
0.000434 45
0.000481 35
0.000439 36
0.000444 43
0.000490 39
0.006917 47
0.000429 46
0.000600 49
0.000726 48
0.011279 43
0.000629 38
0.000474 38
0.000481 49
0.000370 46
0.000081 2
0.000361 39
0.000083 2
0.000730 45
0.000127 2
4.475323 306
0.000374 45
0.000543 56
0.000520 56
0.000499 51
0.004691 47
0.000452 51
0.000478 51
5.956650 40
1.197517 4
0.057452 46
0.000063 48
0.260286 32
0.000179 43
0.000767 244
0.018820 24
0.020277 2
0.017438 27
0.494593 30
0.000617 2
0.775570 78
0.004311 59
0.000885 54
0.001871 75
0.000557 368
0.001261 71
0.004298 118
0.058309 47
0.001778 78
0.001458 510
0.001270 14
0.032441 170
1.758862 90
0.100070 112
0.004970 116
0.095542 119
0.002018 115
0.093203 116
0.050994 105
1.332704 104
0.011762 107
0.089043 109
0.002502 102
0.000362 2
0.721878 99
0.009258 106
0.034245 103
0.004217 110
0.004325 92
0.000751 102
0.001418 185
0.199602 115
0.526882 102
0.001035 102
0.081096 97
0.004627 100
0.106366 93
0.106216 94
0.000230 2
0.009371 96
0.000099 2
0.087196 100
4.057153 98
0.098482 98
0.005759 103
0.035894 90
0.001751 104
0.048129 92
0.007782 105
0.044432 93
0.000424 108
0.003450 95
0.008599 103
0.053031 91
0.000942 104
0.001271 91
0.027642 36
0.600645 40
0.083695 43
0.160664 77
0.008641 25
0.002547 26
0.003281 26
0.002019 26
0.003197 26
0.003970 26
0.004290 26
0.000804 104
0.000060 104
0.000047 78
0.000045 75
0.000045 52
0.004509 59
0.000176 34
0.031069 73
0.007300 79
0.000200 56
0.034320 63
0.006285 83
0.000115 60
0.051521 66
0.006749 86
0.000390 63
0.023708 62
0.006989 82
0.000192 59
0.028084 63
0.007343 83
0.000350 60
0.028764 57
0.006799 73
0.003971 48
0.112119 55
0.006968 71
0.003668 46
0.023039 58
0.007426 74
0.003793 49
0.030272 59
0.006642 75
0.003024 50
0.022272 54
0.006847 70
0.000310 45
0.188433 59
0.007070 65
0.000162 42
0.029388 66
0.005453 72
0.000400 49
0.025780 63
0.011481 69
0.000429 46
0.024799 70
0.006736 76
0.000319 53
0.019719 52
0.006325 58
0.000306 35
0.022149 58
0.006820 69
0.000295 46
0.019407 55
0.006858 61
0.000310 38
0.021410 52
0.006706 58
0.000287 35
0.072975 65
0.006944 81
0.000402 56
0.176949 62
0.006995 71
0.000347 46
0.037485 65
0.007017 71
0.000447 50
0.043792 58
0.008566 63
0.000499 44
0.024377 58
0.006462 67
0.000360 48
0.052398 58
0.007764 60
0.000359 41
0.046938 57
0.007011 64
0.000515 43
0.030427 56
0.007295 65
0.000371 46
0.043489 58
0.006818 66
0.000176 47
0.980438 60
0.006684 65
0.000276 46
0.047095 57
0.006543 64
0.000322 45
0.030650 53
0.008597 69
0.003756 44
0.030443 50
0.010674 59
0.000579 34
0.020832 55
0.006783 71
0.005032 46
0.043863 52
0.006986 61
0.000383 36
0.019768 56
0.007367 72
0.003155 47
0.036241 53
0.007269 62
0.000106 37
0.021311 58
0.006858 74
0.003096 49
0.023454 55
0.006920 64
0.000344 39
0.022453 54
0.007356 70
0.003121 45
0.035753 51
0.006620 60
0.000343 35
0.021123 54
0.006856 70
0.003332 45
0.023714 51
0.006683 60
0.000295 35
0.050750 51
0.000562 45
0.002502 49
0.000705 48
0.000383 47
0.000539 46
0.000926 48
0.016081 35
0.408502 44
0.003258 47
0.611215 167
0.519322 84
0.929247 81
0.954683 80
0.967935 3
0.000415 81
0.844862 79
1.077204 83
1.013345 81
1.094487 79
1.003271 3
0.000035 77
0.986112 81
1.050997 3
0.000696 78
1.013610 83
0.991648 3
0.000042 80
1.073700 83
0.968382 3
0.000448 80
1.065833 85
0.532290 57
0.001373 46
0.520264 3
0.000232 76
1.029631 85
0.975305 80
0.981254 79
1.047780 85
0.990782 85
1.057524 79
0.506348 47
0.514990 3
0.000547 77
0.525527 37
0.000897 42
0.000937 61
0.000762 48
0.497596 83
1.039561 82
1.058789 85
0.501565 39
0.000452 60
0.000411 51
0.500470 3
0.000425 81
0.522650 50
0.519561 83
0.515288 50
0.000757 47
0.001861 83
0.000596 46
0.513766 3
0.000217 76
0.478537 97
0.492782 83
0.893110 86
0.385465 47
0.478372 80
0.456722 61
0.000880 40
0.000856 38
0.000890 45
0.508587 78
0.473822 46
0.005317 88
0.003781 88
0.000164 3
0.003592 106
0.489285 3
0.000035 65
1.912140 36
0.000564 35
0.000621 36
0.000400 57
0.525070 72
2.514034 29
0.097864 31
0.016399 39
0.209494 43
1.200430 4
0.196269 39
0.145745 43
2.471405 4
0.007824 43
0.001021 36
0.001357 47
0.001388 48
0.292587 61
0.004170 7
0.005536 7
0.004620 18
0.091518 22
0.014264 81
0.002673 16
0.094180 20
0.012748 81
0.002707 31
0.029744 43
2.448789 3
0.088427 40
2.123957 3
0.058701 40
1.169796 3
0.012166 29
0.009618 26
0.000225 15
0.000328 25
0.000109 2
0.003750 29
0.011184 6
0.000165 30
0.002574 32
0.002859 15
0.002692 65
0.002577 25
1.358865 43
0.067153 34
0.000203 34
0.000297 34
0.000239 34
0.000218 34
0.000275 34
0.000231 34
0.000304 34
0.000219 34
0.000163 35
0.000225 35
0.000283 35
0.000266 35
0.000414 35
0.000122 35
0.000230 35
0.000227 35
0.000244 35
0.000222 35
0.000242 35
0.000271 35
0.000234 35
0.000266 35
0.000192 35
0.037164 67
0.002424 35
0.000457 35
0.000414 35
0.000503 35
0.000624 35
0.000598 35
0.000552 35
0.000442 35
0.000537 35
0.000621 35
0.000432 35
0.000567 35
0.000431 35
0.000569 35
0.000430 35
0.000425 35
0.000558 35
0.000561 35
0.000431 35
0.000425 35
0.000582 35
0.000546 35
0.000431 35
0.000405 35
0.000573 35
0.000563 35
0.000429 35
0.000548 35
0.000470 35
0.000261 35
0.000308 35
0.000303 35
0.000239 35
0.000232 35
0.000292 35
0.000353 35
0.000237 35
0.000334 35
0.000192 35
0.000029 40
0.018366 63
0.191879 56
0.491849 47
70.052816 55
0.003316 17
2.564317 2
0.006422 49
0.000359 17
2.158285 2
0.001733 51
0.000370 17
2.280981 2
0.000910 38
0.000309 17
1.773390 2
0.001690 49
0.000412 17
1.972405 2
0.001346 39
0.000409 17
3.062228 2
0.001422 52
0.000365 17
2.572410 2
0.001615 41
0.000433 17
2.391780 2
0.001604 32
0.000323 17
1.902301 2
0.001656 40
0.000342 17
2.764722 2
0.001839 42
0.000264 17
2.723000 2
0.001952 50
0.000331 17
3.541847 2
0.002204 41
0.001429 17
1.598495 2
0.002488 42
0.000216 17
2.232369 2
0.003997 39
0.000169 2
0.000787 15
0.000142 2
10.170754 2
0.000454 53
0.000416 17
1.552443 2
0.002687 39
0.000377 17
2.194178 2
0.003693 46
0.000991 17
1.941406 2
0.003663 44
0.000359 17
1.709520 2
0.002801 45
0.000363 17
2.071900 2
0.003114 48
0.000303 17
1.591884 2
0.003894 40
0.000392 17
3.212250 2
0.004512 42
0.000379 17
2.725690 2
0.004134 40
0.000477 17
2.282801 2
0.004739 44
0.000512 17
1.936702 2
0.004440 46
0.000372 17
2.056642 2
0.004522 40
0.000327 17
2.357689 2
0.004169 46
0.000384 17
2.349808 2
0.004703 41
0.000239 17
2.106510 2
0.004962 40
0.000463 17
3.187158 2
0.004564 52
0.000399 17
2.320096 2
0.005813 47
0.000363 17
2.920953 2
0.004524 53
0.000402 17
2.483567 2
0.007313 41
0.000596 17
3.816222 2
0.004621 41
0.000218 17
3.486796 2
0.005405 44
0.000546 17
3.688576 2
0.008600 42
0.000418 17
2.606646 2
0.005375 44
0.000299 17
6.099653 2
0.005763 45
0.000340 17
3.802363 2
0.006027 45
0.000335 17
2.378051 2
0.006396 46
0.000258 17
1.831924 2
0.005808 44
0.000279 17
7.635417 2
0.543934 257
0.000491 556
0.009228 46
0.022402 33
0.000365 58
0.351378 30
0.003816 13
0.005736 51
0.003191 23
1.374537 263
0.000286 44
0.051282 44
0.000150 268
0.000129 236
0.000117 141
0.000108 189
0.000112 144
0.000108 101
0.056908 36
0.002643 37
0.051574 37
0.003956 37
0.003904 38
0.002678 38
0.053020 38
0.035679 38
0.003738 38
0.004153 38
0.003534 38
0.001587 38
0.000971 38
0.000934 38
0.001135 38
0.133206 38
0.005567 38
0.002155 38
0.001086 38
0.001014 38
0.001055 38
0.002081 38
0.249898 65
0.005230 65
0.039454 65
0.001451 65
0.015624 65
0.001037 65
0.046802 65
0.088202 65
0.002818 65
0.001720 65
0.001862 65
0.001539 66
0.000936 66
0.000750 66
0.001125 66
0.001066 66
0.001471 66
0.001737 66
0.037825 66
0.001494 66
0.001552 66
0.002243 66
0.009898 66
0.000686 66
0.000805 66
0.000406 66
0.000475 66
0.000751 66
0.033607 66
0.001423 66
0.002014 66
0.001695 66
0.001052 66
0.002039 66
0.001691 66
0.042379 66
0.002015 66
0.002127 66
0.001843 66
0.002443 66
0.297137 66
0.000498 66
0.005201 66
0.001422 66
0.001862 66
0.000616 66
0.000338 66
0.000485 66
0.000788 66
0.000763 66
0.000712 66
0.000782 66
0.000838 66
0.000592 66
0.000465 66
0.000504 66
0.000586 66
0.033205 66
0.001794 66
0.001943 66
0.001864 66
0.001076 66
0.002065 66
0.000880 66
0.000838 66
0.000646 66
0.000544 66
0.000300 66
0.000517 66
0.000919 66
0.000792 66
0.000573 66
0.000312 66
0.000419 66
0.000465 66
0.000449 66
0.000719 66
0.030852 66
0.002941 66
0.015025 71
0.001944 137
0.000850 35
0.001869 36
0.000511 36
0.000622 36
0.000654 36
0.002049 36
0.001258 37
0.000827 37
0.001183 37
0.000738 37
0.001010 37
0.000420 37
0.000717 37
0.000306 37
0.000089 37
0.000256 37
0.000618 37
0.000167 37
0.000709 37
0.000261 37
0.000654 37
0.001760 37
0.000978 74
0.000701 37
0.000689 37
0.000557 37
0.000063 37
0.000550 37
0.000211 37
0.001102 37
0.000199 37
0.000674 37
0.000300 37
0.000349 37
0.000843 37
0.000486 37
0.000454 37
0.000415 37
0.000231 37
0.000504 37
0.000509 37
0.000661 37
0.000289 37
0.000744 37
0.000260 37
0.000299 37
0.001697 37
0.000380 37
0.000074 37
0.000304 37
0.000288 37
0.000366 37
0.000458 37
0.000186 37
0.000332 37
0.000388 37
0.000165 37
0.001560 37
0.000142 38
0.000457 38
0.000179 38
0.000351 38
0.000201 38
0.000382 38
0.000254 38
0.000284 38
0.000406 38
0.000867 38
0.000017 38
0.000496 38
0.000083 38
0.000261 38
0.000533 38
0.000227 38
0.000161 38
0.000238 38
0.000257 38
0.000462 38
0.000072 38
0.001869 38
0.000091 43
0.032272 30
0.000188 28
0.012851 70
0.188063 56
0.477090 23
23.691653 41
0.003209 17
3.161091 2
0.000821 40
0.000312 17
3.038140 2
0.000938 49
0.000763 24
0.339566 2
0.001200 44
0.000239 17
2.275334 2
0.001154 52
0.000584 24
0.362821 2
0.001221 32
0.000341 17
2.093773 2
0.001306 39
0.000356 17
2.639590 2
0.001474 41
0.000321 17
4.266278 2
0.001695 40
0.000210 17
2.148194 2
0.001631 38
0.000207 17
2.302712 2
0.002219 50
0.000347 17
2.296188 2
0.001942 48
0.000346 17
2.365280 2
0.001877 47
0.000350 17
1.894317 2
0.001848 40
0.000366 17
2.628648 2
0.002107 43
0.000385 17
3.319900 2
0.002193 42
0.000393 17
3.429412 2
0.002476 35
0.000578 17
3.267787 2
0.651186 46
0.206906 20
0.000058 12
0.006146 15
0.002904 7
0.003481 60
0.211245 19
51.446420 69
0.000782 66
0.000512 71
0.000860 69
0.000700 78
0.000789 70
0.000811 67
0.000819 70
0.000762 69
0.000528 66
0.000784 72
0.000661 77
0.000513 64
0.437259 68
10.449858 42
0.000054 98
0.000227 116
0.001697 48
0.003394 27
2.080997 27
0.000129 16
0.000114 11
0.000084 11
0.000259 16
0.000206 17
0.006867 17
0.000137 18
0.001153 2
0.055941 114
0.000049 2
0.000612 45
0.000910 20
0.055798 54
0.000572 39
0.000637 27
1.873385 65
0.000668 33
0.000817 17
0.000140 17
0.419774 17
0.000124 18
0.000642 2
0.051159 147
0.000152 66
0.000689 51
0.000640 27
2.156691 27
0.000166 18
0.000101 9
0.000080 9
0.001126 2
0.083049 52
0.000268 67
0.000805 52
0.001102 20
0.069284 58
0.000577 43
0.000950 27
2.807361 27
0.001177 36
0.001652 2
0.246734 98
0.000108 55
0.000134 66
0.000650 51
0.001366 27
1.735815 27
0.000299 16
0.000186 11
0.000164 11
0.008001 16
0.000149 18
0.001535 2
0.050008 56
0.000479 41
0.000615 27
1.725582 27
0.000152 16
0.000117 11
0.000099 11
0.000720 16
0.000132 16
0.152294 33
0.001857 34
0.000391 17
0.000386 17
0.000866 34
0.407393 51
0.000487 17
0.000466 17
0.000258 17
0.000568 17
0.000358 17
0.001379 34
0.000765 34
0.000712 17
0.000119 17
0.105315 17
0.000140 17
0.051080 17
0.000114 18
0.002384 2
0.094504 54
0.001523 66
1.549419 65
0.030914 16
0.000065 16
0.102726 16
0.000121 17
0.051815 17
0.001546 17
0.000098 17
0.000250 17
0.001090 34
0.070141 17
0.000288 17
0.041017 17
0.000062 17
0.005593 34
0.001778 17
0.000224 17
0.030000 17
0.000199 17
0.051579 17
0.000107 17
0.053788 34
0.001041 34
0.001098 34
0.064507 34
0.033754 17
0.000153 17
0.051006 34
0.001236 34
0.000963 34
0.005817 35
0.002282 2
0.127426 56
0.000648 41
0.001299 27
1.666750 27
0.000145 27
0.000076 11
0.000400 16
0.000236 17
0.000177 17
0.000318 17
0.000192 17
0.000229 17
0.007102 17
0.000180 18
0.001535 2
0.051393 63
0.000471 48
0.000624 27
1.564382 27
0.000410 36
0.000612 2
0.039211 102
0.000118 54
0.000535 39
0.000669 27
2.330092 63
0.000684 2
0.077250 68
0.000593 53
0.001033 20
0.047415 63
0.000450 48
0.001053 27
1.550964 27
0.001217 27
0.000417 11
0.007419 16
0.000237 18
0.001380 2
0.048934 55
0.000814 40
0.000745 20
0.065827 74
0.000420 59
0.001151 27
2.073309 27
0.000250 18
0.000817 18
0.001559 2
0.068475 53
0.000531 38
0.000919 27
2.229115 27
0.000117 27
0.000122 9
0.001876 2
0.063667 56
0.000329 41
0.001083 20
0.091736 109
0.000823 47
0.001095 27
2.725242 27
0.000064 27
0.000080 9
0.003502 2
0.187752 122
0.000571 51
0.001132 27
1.730209 45
0.000217 9
0.000133 9
0.000987 2
0.051170 56
0.000315 41
0.000608 27
2.987368 63
0.000984 2
0.163935 59
0.000550 44
0.004490 20
0.402821 59
0.000336 44
0.001126 27
2.223700 27
0.000920 36
0.001403 2
0.102408 66
0.000657 51
0.000968 20
0.053597 61
0.001465 46
0.001126 27
2.346245 45
0.001001 18
0.001429 2
0.087821 115
0.000321 54
0.001024 27
2.113139 63
0.000650 2
0.054562 63
0.000268 48
0.000707 20
0.046661 52
0.000610 37
0.001183 27
2.300148 63
0.000667 2
0.065729 53
0.000888 38
0.001039 27
2.595907 27
0.000274 36
0.003047 2
0.130419 58
0.000955 43
0.001760 27
10.475591 27
0.000617 36
0.030736 2
1.909087 61
0.000526 46
0.001214 20
0.074296 106
0.000698 41
0.000908 27
2.641617 63
0.000550 2
0.119978 49
0.000165 34
0.001099 27
2.077854 63
0.000625 2
0.055659 104
0.000596 44
0.001205 27
2.027698 27
0.000097 18
0.000280 18
0.001809 2
0.073496 57
0.000265 42
0.000863 27
1.860585 65
0.000411 16
0.000291 16
0.000786 16
0.000124 17
0.153804 17
0.000108 17
0.000924 17
0.000469 17
0.000713 17
0.000058 17
0.148664 34
0.013285 102
0.003455 34
0.000373 34
0.000785 34
0.000547 34
0.003346 35
0.001198 2
0.092660 102
0.000555 39
0.000799 20
0.049862 56
0.000307 41
0.000903 27
1.577567 27
0.000148 38
0.404494 16
0.000398 16
0.002328 16
0.000216 17
0.001568 17
0.000415 17
0.153163 17
0.000123 17
0.003955 17
0.000155 17
0.003825 34
0.001407 34
0.155160 17
0.000141 17
0.001788 34
0.034899 34
0.101744 17
0.000158 17
0.002869 17
0.000262 17
0.047649 17
0.000288 17
0.003024 34
0.061091 17
0.000149 17
0.038206 34
0.052871 17
0.000081 17
0.001810 17
0.000131 17
0.049091 34
0.057754 17
0.000134 18
0.003650 2
0.176728 55
0.000472 40
0.001881 20
0.251591 58
0.000565 43
0.001815 27
1.756615 65
0.052721 33
0.102288 17
0.000188 17
0.000245 17
0.000208 17
0.006938 17
0.000145 18
0.001665 2
0.062876 64
0.000661 49
0.000931 27
1.933812 63
0.000546 2
0.056734 55
0.000363 40
0.000691 20
0.049812 104
0.000306 45
0.000651 27
2.296109 27
0.000902 36
0.001927 2
0.102692 54
0.000818 39
0.001090 27
1.789547 27
0.000185 27
0.000112 11
0.615135 16
0.000183 16
0.455490 16
0.000147 17
0.307148 17
0.000141 17
0.370360 34
0.289948 17
0.000142 17
0.718309 34
0.358709 34
0.207773 17
0.000247 17
0.471473 34
0.297810 34
0.213799 17
0.000120 17
0.443755 34
0.171086 34
0.191042 17
0.000078 17
0.204219 34
0.462396 34
0.045425 34
0.119181 34
0.239320 17
0.001029 17
0.109159 35
0.009170 2
1.501082 63
0.000437 48
0.001329 27
1.719062 27
0.000389 38
0.007264 34
0.001597 2
0.056423 61
0.000488 46
0.000577 27
1.511607 27
0.000905 38
0.000371 16
0.000386 17
0.064979 17
0.000135 17
0.079919 17
0.000135 17
0.001082 17
0.000114 17
0.000892 17
0.000126 17
0.004254 17
0.003941 17
0.001703 35
0.000677 2
0.063724 57
0.000326 42
0.001016 20
0.082809 56
0.000549 41
0.002183 20
0.193297 67
0.000477 52
0.001401 27
3.133015 27
0.000156 27
0.000081 9
0.003325 2
0.116727 61
0.000318 46
0.001021 27
1.783527 27
0.000171 27
0.000143 9
0.001978 2
0.079309 99
0.000471 41
0.001105 27
3.590647 45
0.000680 18
0.002598 2
0.229354 56
0.000445 41
0.001118 27
2.338879 27
0.000081 36
0.003933 2
0.220172 57
0.000943 42
0.002484 27
2.268513 27
0.000335 36
0.001449 2
0.057364 53
0.000311 38
0.000716 27
1.627825 54
0.000324 9
0.000335 2
0.053356 53
0.000948 38
0.000363 27
1.628353 27
0.000137 16
0.000112 11
0.000147 11
0.000871 32
0.000707 33
0.000501 17
0.000325 17
0.153251 17
0.000154 17
0.373721 17
0.000189 17
0.000836 34
0.000597 17
0.000155 17
0.000548 17
0.000428 17
0.000183 17
0.000402 17
0.007137 35
0.000283 2
0.083557 53
0.000312 38
0.000996 27
1.626676 65
0.517589 16
0.000551 16
1.090948 16
0.000135 17
0.394226 17
0.000153 17
0.310402 34
0.304095 17
0.000118 17
0.570567 34
0.359399 34
0.562689 34
0.250185 34
0.196923 34
0.217936 34
0.246043 34
0.202444 34
0.206121 34
0.152091 34
0.516611 17
0.000381 17
0.158285 17
0.000157 17
0.096724 34
0.063698 34
0.203576 35
0.008861 2
1.497639 110
0.000580 43
0.001157 27
4.985229 27
0.000840 36
0.008209 2
0.427945 64
0.000492 49
0.001312 27
2.009809 27
0.000365 38
0.156725 32
0.151578 33
0.005580 17
0.000089 17
0.147097 17
0.000133 17
0.003992 34
0.008109 17
0.000135 17
0.004839 34
0.001478 34
0.105653 34
0.033802 34
0.000621 34
0.004656 34
0.001588 34
0.009602 34
0.035402 17
0.000079 17
0.003576 34
0.002001 34
0.096679 34
0.003623 34
0.007389 35
0.002388 2
0.277992 67
0.000551 52
0.001194 27
2.066834 54
0.000112 9
0.000653 2
0.060451 55
0.000491 40
0.000905 27
2.025874 27
0.000177 16
0.000845 38
0.000352 16
0.000646 16
0.000129 17
0.000541 17
0.000134 17
0.363685 17
0.000391 17
0.000312 17
0.000292 17
0.000434 17
0.000306 17
0.000899 17
0.000154 17
0.000855 17
0.000132 17
0.000803 17
0.000132 17
0.000601 17
0.000125 17
0.000526 17
0.000123 17
0.000539 17
0.000323 17
0.144200 17
0.000156 17
0.000617 17
0.000134 17
0.000587 17
0.000125 17
0.000525 17
0.000111 17
0.000442 34
0.000391 17
0.000202 17
0.005289 35
0.000690 2
0.088955 53
0.000540 38
0.001279 27
1.760692 27
0.001061 16
0.000120 38
0.000350 16
0.030265 16
0.000128 17
0.100196 34
0.002396 34
0.000954 17
0.000157 17
0.056435 17
0.000418 17
0.041431 34
0.000638 17
0.000074 17
0.016154 17
0.000143 17
0.000749 17
0.000134 17
0.085116 17
0.000144 17
0.017367 17
0.000134 17
0.032678 17
0.000140 17
0.007722 17
0.000159 18
0.002617 2
0.097351 73
0.000640 58
0.001428 27
2.158070 63
0.000438 2
0.063334 61
0.000387 46
0.000667 27
2.484141 27
0.000119 36
0.001592 2
0.068115 63
0.000553 48
0.001289 27
2.330571 27
0.000437 27
0.000145 11
0.005446 34
0.000461 2
0.046583 59
0.000393 44
0.003436 20
0.881646 54
0.000425 39
0.001190 27
1.774839 27
0.001255 38
0.000441 16
0.000403 16
0.155834 16
0.000146 17
0.000385 17
0.000141 17
0.000546 17
0.000211 17
0.402624 17
0.000760 17
0.003610 17
0.000065 17
0.000300 17
0.000254 17
0.006993 35
0.000421 2
0.074039 64
0.000643 49
0.000807 20
0.048115 55
0.000354 40
0.000754 27
2.274682 63
0.001445 2
0.067241 56
0.000218 41
0.001192 27
1.973607 27
0.000134 16
0.000104 11
0.000279 11
0.000742 16
0.000437 16
0.010707 33
0.157033 17
0.000442 17
0.004503 34
0.001080 34
0.000998 34
0.026309 34
0.103222 34
0.000613 17
0.000206 17
0.050356 17
0.000068 17
0.003359 17
0.000140 17
0.002370 34
0.058624 17
0.000170 17
0.001849 34
0.036168 17
0.000482 17
0.001364 17
0.000133 17
0.000747 17
0.000107 17
0.006766 17
0.000124 18
0.002315 2
0.079244 54
0.000348 39
0.001310 27
2.275906 54
0.000300 9
0.000450 2
0.070866 56
0.001283 68
1.658875 27
0.001361 38
0.407288 32
0.001981 16
0.000068 17
0.154892 17
0.000048 17
0.000690 34
0.000749 34
0.153220 17
0.000516 17
0.009562 17
0.000147 17
0.002684 34
0.132052 17
0.000159 17
0.003166 17
0.000144 17
0.049371 34
0.064438 34
0.040895 34
0.015723 17
0.000189 17
0.084927 17
0.000086 17
0.046665 17
0.000146 17
0.005118 34
0.048913 17
0.000064 17
0.104621 17
0.000282 17
0.004254 35
0.002003 2
0.207967 62
0.000343 47
0.001175 27
2.975121 63
0.002000 2
0.168425 58
0.000726 43
0.002140 27
1.706465 27
0.001079 38
0.007753 16
0.000342 17
0.158057 34
0.004979 17
0.000134 18
0.000817 2
0.060542 100
0.000533 37
0.000742 27
7.976325 45
0.000087 9
0.000180 9
0.013583 2
1.357651 56
0.000477 41
0.001705 20
0.218677 107
0.000654 40
0.002318 27
1.604576 27
0.000183 38
0.061088 16
0.000377 17
0.058195 17
0.000456 17
0.040819 17
0.000482 17
0.002487 34
0.016971 35
0.001293 2
0.071024 50
0.000387 50
0.000704 35
0.000839 27
67.032611 27
0.000941 36
0.084644 2
10.090274 103
0.000101 66
0.000531 51
0.001317 27
2.271051 27
0.000185 36
0.001636 2
0.054487 54
0.000245 39
0.000840 27
1.769636 27
0.000212 16
0.004279 22
0.000180 16
0.000676 16
0.000549 16
0.000134 17
0.118498 17
0.000173 18
0.001121 2
0.073125 54
0.000411 39
0.000934 27
1.796258 54
0.002778 11
0.114600 32
0.139544 33
0.002727 17
0.000117 17
0.049595 17
0.000106 17
0.099121 34
0.004382 34
0.002845 34
0.011612 34
0.084431 17
0.000144 17
0.004128 34
0.062865 17
0.000145 17
0.034168 34
0.002250 34
0.004388 34
0.004144 34
0.002825 34
0.003254 34
0.035731 34
0.001641 34
0.165332 35
0.005860 2
0.276864 60
0.000680 45
0.001182 20
0.075927 107
0.000545 45
0.000866 27
1.619738 27
0.000139 16
0.000134 11
0.000066 11
0.001172 16
0.000389 17
0.006848 17
0.000140 18
0.001139 2
0.058418 105
0.001002 41
0.001270 27
2.344835 27
0.000282 18
0.000234 9
0.000185 9
0.002050 2
0.116218 62
0.000470 47
0.001093 27
3.618160 63
0.001239 2
0.206105 140
0.000681 32
0.001223 27
1.930976 27
0.000146 27
0.000126 11
0.001208 16
0.000129 17
0.000304 17
0.000155 17
0.000427 17
0.000114 17
0.000290 17
0.000377 17
0.000198 17
0.000223 17
0.007321 35
0.001153 2
0.052115 65
0.004301 70
0.275709 61
0.000648 46
0.001450 27
2.393039 27
0.000290 36
0.002901 2
0.146610 67
0.000706 52
0.002315 20
0.075236 59
0.000636 44
0.000144 27
2.215311 63
0.000652 2
0.098268 68
0.000968 123
0.000329 53
0.001029 27
2.805678 65
0.000132 16
0.000041 17
0.155491 34
0.002633 17
0.000409 17
0.045946 17
0.000228 17
0.004373 17
0.000241 18
0.001213 2
0.075295 111
0.000480 44
0.001560 20
0.265473 150
0.000765 39
0.001354 27
1.491739 65
0.154498 16
0.002344 16
0.113414 16
0.000673 17
0.043388 17
0.000406 17
0.002621 17
0.000208 17
0.093815 17
0.000274 17
0.054446 17
0.000101 17
0.002642 34
0.001879 17
0.000094 17
0.066688 17
0.000090 17
0.028787 17
0.000701 17
0.002749 34
0.046960 17
0.000189 17
0.006314 34
0.001908 17
0.000080 17
0.113823 17
0.000126 17
0.031971 17
0.000128 17
0.002894 34
0.002536 34
0.005662 34
0.003847 35
0.002071 2
0.263550 63
0.000467 48
0.001237 27
1.527040 27
0.000340 38
0.002989 33
0.006075 35
0.000385 2
0.063675 101
0.000138 107
0.000439 44
0.001208 27
1.974010 27
0.000069 27
0.000053 9
0.002643 2
0.134599 56
0.001138 41
0.002018 27
2.356877 27
0.000275 27
0.000858 9
0.001452 2
0.090750 54
0.000263 39
0.001174 27
1.757781 27
0.000147 16
0.000123 11
0.000098 11
0.187436 16
0.000397 16
0.112748 16
0.000347 17
0.041437 17
0.000361 17
0.168271 17
0.000146 17
0.034618 17
0.000144 17
0.150495 17
0.000143 17
0.051483 17
0.000134 17
0.104554 34
0.061838 34
0.093960 17
0.000343 17
0.046231 34
0.155983 17
0.000361 17
0.003776 17
0.000076 17
0.354329 34
0.004412 17
0.000310 17
0.115211 34
0.034409 34
0.015300 17
0.000134 17
0.187551 34
0.009081 35
0.002781 2
0.264819 57
0.000488 42
0.001206 27
1.474407 27
0.000106 27
0.000254 11
0.002902 16
0.000154 17
0.139070 34
0.000268 17
0.000283 17
0.001213 17
0.000127 17
0.004092 17
0.000089 18
0.000827 2
0.072226 66
0.000461 51
0.000788 27
2.335857 27
0.000209 38
0.000496 33
0.005053 35
0.000875 2
0.052432 47
0.000464 32
0.000705 20
0.054983 61
0.000629 46
0.001200 20
0.057570 63
0.000559 48
0.000644 27
1.604143 27
0.000291 16
0.000085 11
0.000146 11
0.001597 33
0.002053 17
0.000230 18
0.000527 2
0.043719 54
0.000463 39
0.000694 27
1.903077 27
0.000850 36
0.001760 2
0.106872 70
0.000255 55
0.001312 20
0.069507 56
0.000255 41
0.000933 27
1.766590 27
0.000119 27
0.000080 11
0.159310 16
0.000142 16
0.038519 33
0.000336 17
0.000212 17
0.099536 34
0.050674 17
0.000142 17
0.001657 17
0.000119 17
0.002590 17
0.000276 17
0.001335 17
0.000110 17
0.061418 17
0.000142 17
0.085231 17
0.000138 17
0.001799 17
0.000142 17
0.001667 17
0.000136 17
0.001653 17
0.000137 17
0.048799 17
0.000183 17
0.100091 17
0.000144 17
0.003074 17
0.000135 17
0.002306 17
0.000065 17
0.001773 17
0.000066 17
0.044428 17
0.000201 17
0.060792 35
0.001680 2
0.185135 54
0.000525 39
0.001755 27
1.761118 43
0.000142 11
0.000079 11
0.140132 32
0.116143 16
0.000133 17
0.040124 17
0.000220 17
0.069201 17
0.000152 17
0.132242 34
0.003076 17
0.000334 17
0.108719 17
0.000119 17
0.041458 17
0.000100 17
0.003102 34
0.148129 17
0.000483 17
0.004204 17
0.000770 17
0.001019 17
0.000101 17
0.146807 17
0.000398 17
0.004977 17
0.000363 17
0.004428 17
0.000140 17
0.143358 17
0.000153 17
0.006798 17
0.000423 17
0.056089 17
0.000295 17
0.041160 34
0.051856 17
0.000301 18
0.003705 2
0.285371 55
0.001322 40
0.001219 27
1.651038 27
0.000908 38
0.674390 16
0.000231 16
0.404802 33
0.299913 17
0.000280 17
0.314632 34
0.456137 17
0.000236 17
0.210908 34
0.198462 17
0.000263 17
0.255960 17
0.000148 17
0.261448 34
0.307192 34
0.261031 17
0.000139 17
0.202719 17
0.000263 17
0.201727 17
0.000461 17
0.204286 17
0.000153 17
0.113571 17
0.000075 17
0.251457 17
0.000259 17
0.245561 34
0.201594 17
0.000824 17
0.173193 17
0.000076 17
0.152005 17
0.000166 18
0.023563 2
3.064192 66
0.000571 51
0.001268 27
1.908643 65
0.015710 16
0.000255 17
0.091208 34
0.007705 35
0.000404 2
0.068514 63
0.000251 48
0.001000 27
2.590552 27
0.000421 18
0.000045 9
0.000030 9
0.002467 2
0.341026 67
0.000400 52
0.001388 27
15.359898 27
0.000183 27
0.000109 11
0.000456 16
0.000129 17
0.023740 17
0.000152 18
0.001401 2
0.055037 53
0.000449 38
0.000643 27
1.300824 27
0.000612 38
0.000526 16
0.000211 16
0.000465 16
0.000401 17
0.104384 17
0.000525 17
0.001650 17
0.000165 17
0.013331 17
0.000202 17
0.039863 17
0.000684 17
0.000231 34
0.049093 34
0.008629 17
0.000076 17
0.000587 17
0.000100 17
0.001073 17
0.000045 17
0.000351 17
0.000263 17
0.048810 34
0.000478 17
0.000249 17
0.000479 34
0.040022 17
0.000191 18
0.002212 2
0.093595 57
0.000730 42
0.000982 27
1.595414 63
0.000687 2
0.169182 103
0.000677 39
0.000918 27
3.002195 63
0.000533 2
0.077984 68
0.000324 53
0.001199 20
0.130624 61
0.000549 46
0.001425 27
2.298674 27
0.000116 36
0.002634 2
0.140601 57
0.000619 42
0.001434 27
2.151844 27
0.000116 27
0.000069 11
0.162189 32
0.346118 16
0.000391 17
0.002657 34
0.001992 34
0.112718 17
0.000158 17
0.008052 17
0.000133 17
0.027185 34
0.002460 34
0.002661 34
0.014152 34
0.139338 17
0.000122 17
0.004674 17
0.000140 17
0.004785 34
0.001630 34
0.037255 34
0.015698 34
0.048876 17
0.000150 17
0.036862 17
0.000148 17
0.003558 17
0.000139 17
0.005669 35
0.003299 2
0.364388 68
0.000504 53
0.001394 27
2.185641 27
0.000950 36
0.000778 2
0.061580 61
0.000620 46
0.000950 27
1.772517 27
0.000203 38
0.000727 32
0.370619 16
0.000080 17
0.003248 17
0.000109 17
0.000275 17
0.000154 17
0.000870 34
0.000437 17
0.000127 17
0.000476 17
0.000137 17
0.004539 35
0.000320 2
0.066776 101
0.000584 42
0.001136 20
0.118140 108
0.000419 43
0.001143 27
3.742564 63
0.001770 2
0.249046 62
0.000333 47
0.002121 20
0.124002 59
0.000592 44
0.001543 20
0.085272 53
0.000464 38
0.001043 27
1.831576 65
0.000291 16
0.000079 17
0.007214 17
0.000079 18
0.001474 2
0.058109 141
0.000658 36
0.000957 27
21.166448 63
0.082956 2
10.140494 66
0.001093 51
0.000587 27
1.763300 65
0.000470 33
0.056869 17
0.000112 18
0.001296 2
0.060963 54
0.000501 39
0.000652 27
1.936132 65
0.163577 16
0.000212 16
0.184786 16
0.000268 17
0.002787 34
0.157190 17
0.000192 17
0.146309 17
0.000621 17
0.003603 17
0.000138 17
0.406470 34
0.002707 17
0.000184 17
0.214244 17
0.000125 17
0.004381 17
0.000067 17
0.186884 17
0.000074 17
0.002816 17
0.000093 17
0.150910 17
0.000221 17
0.008007 17
0.000211 17
0.144743 17
0.000143 17
0.004727 17
0.000138 17
0.147561 17
0.000192 17
0.004106 17
0.000208 17
0.004146 17
0.000183 17
0.153263 17
0.000118 18
0.002278 2
0.270848 55
0.000509 40
0.001356 27
1.560016 65
0.005988 16
0.000143 17
0.150996 136
0.355399 68
0.000793 17
0.000231 17
0.002769 35
0.000753 2
0.083208 66
0.000444 51
0.001019 27
1.704733 27
0.000810 38
0.005083 16
0.000114 18
0.000991 2
0.051536 69
0.000368 54
0.000726 27
1.890318 27
0.001264 18
0.000593 9
0.000436 9
0.000778 2
0.062745 113
0.000177 67
0.000505 52
0.001105 27
2.643383 63
0.001424 2
0.121963 53
0.000306 38
0.001138 20
0.048083 59
0.000391 44
0.000369 27
1.899600 27
0.000054 27
0.000099 9
0.001618 2
0.066955 59
0.000299 44
0.000924 27
2.011849 45
0.000048 18
0.000696 2
0.077033 103
0.000530 43
0.000954 27
4.885959 27
0.000088 18
0.000075 9
0.000049 9
0.006660 2
0.437683 69
0.000363 54
0.001384 27
1.647773 27
0.000273 36
0.001666 2
0.052855 63
0.000238 48
0.000783 27
2.316484 27
0.000169 36
0.001480 2
0.051230 57
0.000513 42
0.000306 27
2.915390 27
0.000048 18
0.000027 9
0.000025 9
0.001849 2
0.363745 61
0.000623 46
0.001694 27
1.708807 43
0.000369 22
0.000988 16
0.000395 17
0.152392 17
0.000887 17
0.000398 17
0.000295 17
0.001663 17
0.000233 17
0.148484 17
0.000128 17
0.006879 17
0.000133 18
0.001603 2
0.077035 42
0.000051 46
0.000036 47
0.000123 60
0.000664 45
0.001070 27
2.329014 63
0.000734 2
0.078261 70
0.000385 55
0.000887 27
1.833119 63
0.000369 2
0.067193 64
0.000354 61
0.000480 46
0.001249 27
1.388306 43
0.000125 22
0.000730 16
0.000142 17
0.000637 34
0.006839 35
0.000471 2
0.053140 54
0.001667 39
0.002372 27
8.129046 54
0.000076 9
0.013070 2
1.457496 56
0.000533 41
0.001411 27
2.076502 63
0.000545 2
0.077847 61
0.000736 46
0.001284 27
1.747844 81
0.000499 49
0.000683 34
0.168378 35
0.000255 2
0.067341 56
0.000568 41
0.012442 20
3.381184 114
0.000401 54
0.001916 27
1.653808 63
0.000805 2
0.053131 56
0.000441 41
0.000679 27
1.935762 43
0.000048 11
0.000102 11
0.001024 101
0.004523 35
0.000360 2
0.052655 49
0.000316 34
0.000927 27
1.565827 27
0.000160 27
0.000116 11
0.000489 16
0.000166 17
0.007596 17
0.000173 18
0.001355 2
0.054991 55
0.000491 40
0.000538 27
9.370277 63
0.022692 2
3.056438 56
0.000476 41
0.001150 27
1.781323 27
0.000143 16
0.000480 22
0.159314 32
0.001669 33
0.183134 17
0.000184 17
0.000816 34
0.001989 34
0.002685 17
0.000079 17
0.151208 34
0.001760 34
0.002094 17
0.002042 17
0.000996 17
0.000382 17
0.000780 34
0.099385 17
0.000162 17
0.005901 34
0.036345 17
0.000165 17
0.001542 34
0.003075 34
0.098929 34
0.001511 17
0.000114 17
0.002127 34
0.004642 35
0.001281 2
0.209567 109
0.000638 42
0.001455 20
0.171517 53
0.000361 38
0.001291 27
1.578218 27
0.000166 27
0.000109 9
0.001151 2
0.051342 105
0.000444 40
0.000619 27
1.517949 27
0.000062 27
0.000121 11
0.002885 32
0.000359 33
0.138488 34
0.048591 17
0.000138 17
0.000607 17
0.000120 17
0.056786 34
0.015273 17
0.000076 18
0.000947 2
0.095885 106
0.000046 2
0.000606 46
0.001298 27
1.984386 27
0.000056 27
0.000038 9
0.000730 2
0.068667 164
0.000292 59
0.000152 44
0.001194 27
1.880163 63
0.000736 2
0.086076 60
0.000568 45
0.001838 20
0.351992 57
0.000426 42
0.001245 27
1.756649 27
0.000083 16
0.000318 22
0.399892 16
0.000458 16
0.001969 33
0.158622 17
0.000143 17
0.002382 17
0.000204 17
0.001934 34
0.155362 17
0.000244 17
0.001949 34
0.003589 34
0.152858 34
0.032912 34
0.002298 17
0.000149 17
0.150561 17
0.000149 17
0.002286 34
0.002170 17
0.000139 17
0.001606 34
0.149140 17
0.000077 17
0.002612 34
0.001444 34
0.403814 34
0.007487 35
0.001371 2
0.197488 59
0.000580 44
0.001162 27
1.952292 63
0.000592 2
0.090376 58
0.000642 43
0.001203 27
9.997334 63
0.030615 2
1.900479 56
0.000488 41
0.001396 27
3.079676 45
0.000665 18
0.001631 2
0.131959 47
0.000294 32
0.002173 20
0.066520 59
0.002234 71
5.009951 27
0.000290 38
0.305145 32
0.155270 16
0.000077 17
0.357040 34
0.205132 34
0.153881 34
0.154577 34
0.013029 34
0.159786 34
0.341713 34
0.153959 17
0.000136 17
0.148304 17
0.000145 17
0.006878 17
0.000238 17
0.150393 34
0.152377 34
0.007337 34
0.157297 17
0.000135 17
0.041103 17
0.000146 17
0.150861 17
0.000343 17
0.104030 34
0.059635 17
0.000239 18
0.003325 2
0.392969 102
0.000599 41
0.001295 20
0.053098 102
0.000379 121
0.000598 45
0.001466 27
1.839246 27
0.000119 38
0.000572 33
0.000443 17
0.000065 17
0.157068 35
0.001074 2
0.059606 59
0.000497 44
0.001008 27
2.492284 43
0.000098 11
0.000112 11
0.000541 16
0.000171 17
0.000625 17
0.000119 17
0.007411 17
0.000155 18
0.001343 2
0.053741 64
0.000723 49
0.000825 20
0.048435 69
0.000401 54
0.000727 27
2.356602 45
0.000159 18
0.000683 2
0.062686 59
0.000412 44
0.000815 27
4.811874 63
0.006545 2
0.392730 119
0.000503 49
0.001513 27
1.838472 65
0.000660 16
0.000112 17
0.006602 35
0.000426 2
0.050878 60
0.000052 2
0.000532 47
0.001010 27
1.982778 63
0.000520 2
0.054397 113
0.000174 27
1.626090 27
0.000142 16
0.000176 11
0.000123 11
0.000580 16
0.000126 17
0.007172 17
0.000139 18
0.001317 2
0.049714 63
0.000463 48
0.000664 27
1.686545 27
0.000049 36
0.000484 2
0.055354 59
0.000737 44
0.000940 27
1.779188 27
0.000143 16
0.000110 11
0.000108 11
0.001241 16
0.000132 16
0.376855 16
0.000146 17
0.001149 17
0.000148 17
0.001218 17
0.000135 17
0.148388 17
0.000105 17
0.001812 17
0.000109 17
0.001022 17
0.000103 17
0.000959 17
0.000110 17
0.028897 17
0.000131 17
0.152872 17
0.000140 17
0.001348 17
0.000113 17
0.003106 17
0.000141 17
0.001351 17
0.000135 17
0.001225 17
0.000134 17
0.001178 17
0.000130 17
0.147417 17
0.000152 17
0.001672 17
0.000143 17
0.001279 17
0.000127 17
0.001130 17
0.000135 17
0.006434 35
0.000960 2
0.175794 55
0.000653 40
0.001865 27
2.437291 27
0.000143 27
0.000073 9
0.002177 2
0.099047 98
0.000093 61
0.000642 46
0.001458 27
1.414517 27
0.000220 38
0.000600 32
0.152682 33
0.000488 17
0.000078 17
0.001079 17
0.000135 17
0.000543 34
0.006304 35
0.000498 2
0.093129 106
0.000168 29
0.003808 18
0.334466 30
0.004649 13
0.004349 48
0.000432 27
0.010761 72
0.173568 56
0.009468 71
0.048825 47
0.048862 50
0.004529 91
0.001359 55
0.003006 17
0.005483 24
0.039925 2
0.006273 49
0.000410 17
0.001957 24
0.020476 2
0.001497 51
0.000430 17
0.003663 24
0.024547 2
0.001511 38
0.000534 17
0.001928 24
0.014919 2
0.001414 38
0.000314 17
0.001770 24
0.023609 2
0.002083 69
0.001267 24
0.016834 2
0.001322 41
0.000507 17
0.002345 24
0.026978 2
0.001241 32
0.000394 17
0.001405 24
0.017261 2
0.001435 39
0.000448 17
0.002924 24
0.023762 2
0.001539 42
0.000452 17
0.005299 24
0.053677 2
0.001481 50
0.000401 17
0.006238 24
0.069628 2
0.001567 41
0.000406 17
0.002610 24
0.018096 2
0.001978 42
0.000417 17
0.002371 24
0.019912 2
0.001772 46
0.000373 17
0.001743 24
0.020844 2
0.001959 44
0.000434 17
0.002732 24
0.024119 2
0.001810 53
0.000350 17
0.002580 24
0.016898 2
0.002041 48
0.000345 17
0.001461 24
0.017344 2
0.002128 40
0.000234 17
0.003239 24
0.021165 2
0.002151 45
0.000338 17
0.001611 24
0.018421 2
0.002245 42
0.000351 17
0.002434 24
0.023221 2
0.002282 40
0.000352 17
0.002086 24
0.016863 2
0.002563 42
0.000157 17
0.002277 24
0.016961 2
0.002517 44
0.000410 17
0.001573 24
0.019798 2
0.002753 38
0.000355 17
0.002905 24
0.021123 2
0.002615 46
0.000362 17
0.001785 24
0.020023 2
0.002735 41
0.000360 17
0.002465 24
0.026410 2
0.002742 40
0.000345 17
0.008160 24
0.056776 2
0.003475 41
0.000342 17
0.073303 24
0.522529 2
0.003086 44
0.000292 17
0.032603 24
0.134370 2
0.003038 46
0.000171 17
0.001695 24
0.018989 2
0.003372 45
0.000186 17
0.003289 24
0.023568 2
0.003838 45
0.000384 17
0.010731 24
0.057582 2
0.003428 41
0.000135 17
0.004825 24
0.060880 2
0.003755 44
0.000344 17
0.006029 24
0.065208 2
0.003596 42
0.000120 17
0.004697 24
0.034784 2
0.003760 44
0.000210 17
0.015157 24
0.082576 2
0.003662 53
0.000315 17
0.005101 24
0.036196 2
0.004507 41
0.000319 17
0.016018 24
0.053511 2
0.003880 47
0.000318 17
0.002585 24
0.030782 2
0.004986 52
0.000508 17
0.003439 24
0.022445 2
0.004008 39
0.000337 17
0.001784 24
0.024592 2
0.393300 174
0.000324 121
0.000325 378
0.000286 69
0.000346 109
0.013455 46
0.002466 80
0.000212 40
0.014119 35
0.003420 33
0.000216 58
9.475141 24
0.447168 23
0.013452 82
0.092460 36
0.025956 27
6.275315 3
0.029682 41
1.226789 3
0.011775 63
3.001863 27
