0.010116 44
0.210788 11
0.009145 14
0.002467 79
0.535172 29
0.146028 64
0.037470 64
0.231613 66
0.613480 33
0.820244 101
0.009468 37
0.231484 166
1.390393 78
0.006787 59
0.184437 67
0.027725 158
0.006518 233
0.112680 114
0.041944 12
0.059657 28
0.099633 25
0.045682 21
0.057666 22
0.045514 58
0.057251 54
0.045314 142
0.003358 50
0.018687 14
0.001977 26
0.000145 15
0.003505 62
0.004161 7
0.004044 11
0.002050 15
0.000226 2
0.004596 17
0.123841 40
0.050249 26
0.024543 24
0.142912 25
0.020302 25
0.148278 51
0.267790 47
0.516770 61
0.110548 41
0.010169 41
0.026127 42
0.009341 42
0.044761 41
0.006775 41
0.036314 36
0.038047 36
0.081387 37
0.011971 37
0.043182 35
0.011069 35
0.042071 36
0.011731 36
0.044769 37
0.014272 37
0.052893 48
0.010757 48
0.050875 33
0.016128 33
0.043470 36
0.011725 36
0.042621 37
0.005772 37
0.029737 38
0.008982 38
0.042120 35
0.010574 35
0.046081 29
0.013745 29
0.056007 28
0.027905 28
0.075885 41
0.021883 41
0.071382 30
0.013583 30
0.048411 34
0.010813 34
0.045840 40
0.008621 40
0.041394 31
0.012181 31
0.045783 37
0.010202 37
0.040038 34
0.008965 34
0.042943 41
0.015154 41
0.051017 44
0.012176 44
0.039034 40
0.013963 40
0.051372 32
0.017789 32
0.065247 29
0.010529 29
0.034588 36
0.010958 36
0.042761 42
0.012644 42
0.056925 36
0.015541 36
0.051118 45
0.012787 45
0.043758 50
0.014384 50
0.047331 38
0.012111 38
0.047441 42
0.011462 42
0.052463 35
0.013259 35
0.062297 25
0.021894 25
0.063229 43
0.010129 43
0.039003 35
0.012085 35
0.042966 41
0.022169 41
0.062045 47
0.019452 47
0.050853 50
0.011752 50
0.044253 37
0.011608 37
0.043477 34
0.009028 34
0.031027 44
0.009140 44
0.059617 36
0.014276 36
0.050794 32
0.036430 32
0.089605 26
0.010667 26
0.041594 31
0.015050 31
0.052888 39
0.011676 39
0.052085 40
0.010726 40
0.048170 39
0.012017 39
0.042849 34
0.010053 34
0.044075 30
0.010149 30
0.040350 26
0.022463 26
0.066922 32
0.010290 32
0.041026 35
0.013759 35
0.044532 36
0.009218 36
0.041652 45
0.009845 45
0.042516 42
0.008411 42
0.041283 39
0.008655 39
0.044699 46
0.010461 46
0.044865 43
0.024777 43
0.070792 31
0.011062 31
0.043509 49
0.013797 49
0.041494 45
0.011447 45
0.042726 40
0.010510 40
0.048182 31
0.009913 31
0.045743 32
0.010071 32
0.045594 36
0.008973 36
0.048976 40
0.008698 40
0.047662 38
0.009871 38
0.040352 45
0.012349 45
0.045089 48
0.011598 48
0.047700 43
0.009230 43
0.051834 48
0.012541 48
0.045943 46
0.007859 46
0.042811 35
0.010311 35
0.029518 33
0.011399 33
0.053423 31
0.011277 31
0.045286 33
0.008164 33
0.047317 43
0.008873 43
0.042726 44
0.010093 44
0.048984 31
0.011923 31
0.044011 34
0.011159 34
0.045437 44
0.010657 44
0.045799 44
0.010515 44
0.048169 48
0.012420 48
0.041355 45
0.014627 45
0.056674 34
0.018937 34
0.060235 29
0.008526 29
0.044336 47
0.011085 47
0.049159 43
0.009907 43
0.046422 30
0.016530 30
0.060500 44
0.011013 44
0.032954 41
0.007692 41
0.041452 36
0.013089 36
0.037549 46
0.012143 46
0.047035 34
0.009168 34
0.041001 39
0.010817 39
0.043610 30
0.009036 30
0.041729 43
0.012714 43
0.050018 32
0.010930 32
0.043281 37
0.016149 37
0.062255 27
0.014208 27
0.050335 29
0.010175 29
0.044277 32
0.012470 32
0.037450 31
0.011979 31
0.045593 31
0.013280 31
0.041161 39
0.014572 39
0.054681 31
0.013156 31
0.044497 40
0.008255 40
0.045838 51
0.010669 51
0.033516 37
0.007513 37
0.037027 33
0.008320 33
0.045894 44
0.009012 44
0.037979 48
0.008055 48
0.044005 50
0.009732 50
0.046685 35
0.009776 35
0.042076 50
0.010154 50
0.046999 50
0.011964 50
0.045378 49
0.009436 49
0.043950 53
0.010299 53
0.039909 37
0.009611 37
0.043480 47
0.010108 47
0.040754 49
0.009130 49
0.046230 31
0.010651 31
0.047760 35
0.009412 35
0.042935 41
0.008515 41
0.046312 61
0.012596 61
0.055073 61
0.014806 61
0.062002 39
0.009599 39
0.037315 39
0.010168 39
0.048069 25
0.011035 25
0.045504 28
0.012302 28
0.044460 39
0.015801 39
0.059589 40
0.016011 40
0.063110 39
0.013820 39
0.044956 33
0.012332 33
0.044509 33
0.009640 33
0.042104 36
0.011981 36
0.048564 31
0.010087 31
0.038959 36
0.011387 36
0.045035 42
0.015177 42
0.041676 42
0.014451 42
0.062208 37
0.012528 37
0.042884 62
0.013106 62
0.039825 53
0.011765 53
0.044902 51
0.009846 51
0.035364 50
0.008899 50
0.044738 45
0.008101 45
0.042511 33
0.013576 33
0.053402 40
0.011577 40
0.042998 36
0.012307 36
0.040530 35
0.006571 35
0.038700 47
0.009124 47
0.042581 33
0.009525 33
0.042550 35
0.022131 35
0.061910 38
0.030012 38
0.087131 31
0.019737 31
0.057041 36
0.012476 36
0.042186 32
0.016234 32
0.040148 28
0.013522 28
0.046821 50
0.008340 50
0.049141 49
0.010144 49
0.054293 60
0.008638 60
0.036007 27
0.008714 27
0.044963 48
0.011780 48
0.063365 51
0.013698 51
0.047193 39
0.011819 39
0.045245 38
0.010073 38
0.041707 32
0.010649 32
0.045498 55
0.009595 55
0.042611 33
0.010382 33
0.045851 47
0.013380 47
0.050011 37
0.010547 37
0.041458 40
0.010891 40
0.043949 42
0.013117 42
0.053895 25
0.011179 25
0.045414 45
0.009187 45
0.045624 43
0.012623 43
0.034476 38
0.009139 38
0.043403 37
0.010967 37
0.050308 39
0.007653 39
0.031084 46
0.010523 46
0.044913 44
0.011088 44
0.057137 34
0.016517 34
0.055057 37
0.006813 37
0.041132 37
0.011422 37
0.037983 41
0.008754 41
0.043732 37
0.009901 37
0.043712 44
0.008657 44
0.042109 36
0.009632 36
0.042135 41
0.007809 41
0.038497 45
0.010694 45
0.045412 44
0.020133 44
0.062771 53
0.010838 53
0.043621 48
0.011717 48
0.048582 33
0.020674 33
0.061557 41
0.010527 41
0.044444 47
0.047004 47
0.115893 39
0.016058 39
0.066744 49
0.171295 34
0.015361 29
0.033587 26
0.018398 24
0.339357 29
0.011436 28
0.018997 29
0.023746 27
0.037179 36
0.025032 27
0.046556 30
0.022452 25
0.029713 27
0.011367 26
0.013146 22
0.094310 23
0.173770 28
0.190686 26
0.028865 27
0.026689 37
0.013067 28
0.044501 32
0.032151 31
0.033081 27
0.090635 37
0.030547 33
0.049227 25
0.110129 38
0.015767 33
0.014299 30
0.028052 28
0.036287 31
0.020540 28
0.308175 29
0.021640 36
0.023732 30
0.022088 23
0.023906 23
0.174769 29
0.027731 27
0.031903 27
0.019986 33
0.042750 28
0.048621 27
0.041637 27
0.023093 28
0.034088 25
0.024673 28
0.028534 28
0.032073 28
0.040757 32
0.023000 29
0.132100 28
0.120962 28
0.080882 23
0.052273 23
0.024265 27
0.012124 24
0.041126 33
0.020069 26
0.023939 27
0.018153 26
0.018868 30
0.031149 32
0.034139 23
0.013950 27
0.136864 24
0.092328 23
0.025372 31
0.031948 30
0.041047 22
0.054756 25
0.288862 32
2.324525 35
0.130367 33
0.022726 34
0.033944 31
0.030231 29
0.702005 34
0.024792 33
0.031591 34
0.031088 32
0.043081 35
0.030759 32
0.051124 35
0.032030 30
0.045263 32
0.029407 31
0.027504 21
0.122428 22
0.207282 27
0.320083 25
0.107159 32
0.041492 36
0.025165 33
0.064200 37
0.032032 36
0.036059 32
0.100807 36
0.041161 38
0.274889 24
0.140788 37
0.026056 32
0.025627 29
0.044103 33
0.055333 36
0.043553 27
0.350185 28
0.033952 41
0.032075 29
0.036895 22
0.116817 22
0.202071 34
0.041473 26
0.041763 26
0.029001 32
0.068216 27
0.067671 32
0.054665 32
0.046908 33
0.050619 30
0.030905 33
0.037917 33
0.057745 33
0.059817 37
0.041226 28
0.156018 27
0.133749 27
0.101688 22
0.056824 22
0.038150 26
0.030957 23
0.052744 32
0.032386 25
0.029695 26
0.022535 25
0.035297 29
0.086247 31
0.042646 22
0.026993 26
0.145702 23
0.126018 22
0.037068 30
0.037128 29
0.050264 21
0.070892 24
0.285165 37
0.035943 34
0.000044 2
0.000361 26
0.000032 2
0.000375 32
0.000033 2
0.004348 30
0.000045 2
0.000607 36
0.000034 2
0.000564 33
0.000034 2
0.002507 29
0.000031 2
0.272032 28
0.000989 36
0.002328 28
0.013617 43
0.000529 29
0.000747 27
0.014473 36
0.000536 34
0.000031 2
0.000778 33
0.000042 2
0.000362 31
0.000028 2
0.002884 37
0.000032 2
0.000846 37
0.000029 2
0.000944 33
0.000028 2
0.000933 33
0.000030 2
0.000715 32
0.000029 2
0.000529 30
0.000038 2
0.000645 32
0.000028 2
0.000834 29
0.000039 2
0.216949 34
0.000458 31
0.005773 38
0.000769 34
0.000756 32
0.000446 28
0.000402 37
0.000796 24
0.008140 28
0.000380 34
0.000783 30
0.019699 37
0.000622 29
0.005858 33
0.000440 31
0.000692 23
0.001015 29
0.002385 23
0.004114 35
0.000673 38
0.001385 24
0.006955 29
0.000577 24
0.000992 27
0.267641 26
0.297378 24
0.000553 24
0.425637 39
0.007654 34
0.225329 38
0.004082 24
0.101382 40
0.018953 34
0.317363 26
0.074015 25
0.034702 34
0.015131 35
0.002122 35
0.001833 23
0.000236 2
0.001291 33
0.000303 2
0.005777 28
0.000147 2
0.180462 29
0.004157 34
0.000481 27
0.030739 29
0.000202 2
1.325134 33
0.236243 24
0.000502 28
0.011285 33
1.121412 25
0.049799 22
0.051005 40
0.047651 34
0.070112 37
0.118269 21
0.196696 33
0.169235 33
0.030257 36
0.043643 36
0.092255 38
0.058578 21
0.036908 27
0.063479 32
0.059815 31
0.024956 36
0.026549 39
0.033386 36
0.040410 33
0.065704 40
0.047586 35
0.167960 31
0.034682 35
0.046997 30
0.050650 23
0.035056 22
0.051942 22
0.067521 35
0.055918 40
0.026422 36
0.035316 40
0.031609 39
0.023898 30
0.052735 27
0.036578 32
0.032746 34
0.032490 24
0.064628 23
0.504710 30
0.076204 33
0.039524 22
0.033831 34
0.028399 33
0.029878 32
0.028190 29
0.068580 32
0.044616 23
0.117847 31
0.060481 31
0.026108 26
0.119617 26
0.071238 33
0.031061 33
0.032092 32
0.035974 36
0.038165 37
0.029940 47
0.029253 26
0.076094 32
0.053555 34
0.052347 30
0.040051 34
0.053761 34
0.116955 33
0.064926 33
0.042597 22
0.037943 22
0.050370 27
0.138118 32
0.038224 26
0.026090 32
0.024669 35
0.040908 31
0.026317 35
0.041439 34
0.034434 35
0.127101 31
0.040371 43
0.034148 34
0.038107 32
0.048906 37
0.062079 42
0.025635 33
0.088277 35
0.061209 36
0.026983 32
0.040793 34
0.034835 32
0.033934 35
0.115296 25
0.443675 27
0.039659 22
0.094654 27
0.060382 25
0.030326 32
0.133300 37
0.079718 33
0.032507 37
0.035142 31
0.043079 32
0.039716 33
0.048226 39
0.059817 36
0.030780 35
0.032737 25
0.085889 26
0.029564 30
0.043872 25
0.053902 21
0.044928 28
0.055069 26
0.088006 22
0.102900 26
0.039560 26
0.052589 35
0.064616 31
0.028143 32
0.062878 35
0.033608 40
0.032725 36
0.033247 31
0.188499 37
0.030460 32
0.095925 22
0.122099 37
0.039435 29
0.841992 21
0.154106 35
0.019543 34
0.000266 37
0.000429 35
0.004977 34
0.000246 36
0.000433 24
0.004243 34
0.000327 28
0.000342 24
0.226898 35
0.000496 36
0.000688 39
0.000206 23
0.001331 24
0.014949 380
0.000219 44
0.000568 36
0.000479 37
0.000535 38
0.000443 34
0.000532 33
0.000458 36
0.000521 23
0.238650 34
0.000613 37
0.000314 36
0.000358 32
0.000590 25
0.001058 35
0.001569 26
0.048111 37
0.245553 24
0.007214 34
0.000313 35
0.000585 28
0.000453 38
0.000659 39
0.000455 35
0.245042 28
0.007320 42
0.016521 38
0.000492 29
0.000772 30
0.000612 38
0.000556 33
0.000568 42
0.000614 39
0.007331 31
0.249443 36
0.006418 33
0.000407 42
0.000526 38
0.001314 32
0.008346 37
0.000461 29
0.000839 27
0.291722 36
0.000764 35
0.002353 24
0.586940 33
0.001176 36
0.008873 27
2.256405 29
0.002975 34
0.005932 27
0.079188 37
0.001671 35
0.001034 34
0.007921 27
0.007442 32
0.005508 34
0.000371 28
0.024599 39
0.000379 40
0.001672 25
0.730957 37
0.000494 24
0.082681 35
0.000463 49
0.000079 34
0.006845 23
0.039513 33
0.000316 36
0.000512 34
0.000544 42
0.000479 24
0.003250 28
0.000368 41
0.000941 35
0.000554 37
0.000422 28
0.000562 41
0.000296 37
0.001221 23
1.029845 35
0.013444 37
0.001149 31
0.000574 38
0.004532 28
0.532676 29
0.000341 32
0.000467 28
0.000910 25
0.000439 37
0.003122 33
0.006450 34
0.000297 39
0.000845 24
0.000737 35
0.000649 42
0.007154 34
0.158891 41
0.000515 39
0.000315 39
0.001693 34
2.014515 27
0.282831 32
0.011778 28
0.024073 40
0.614228 83
0.624366 30
0.047471 29
0.008954 32
0.435814 12
0.004189 54
0.002909 97
0.000984 115
0.006660 179
0.417863 11
0.000450 2
0.000597 77
0.050418 52
0.048068 186
0.148560 176
0.004124 52
0.030376 80
0.005099 25
0.001843 26
0.001121 26
0.001067 26
0.000850 26
0.002398 26
0.000287 52
0.000077 52
0.000015 26
0.000061 52
0.000151 256
0.001947 59
0.000372 43
0.013460 44
0.007009 7
0.003171 18
0.038065 13
0.456776 14
0.000137 70
0.001273 36
0.125753 49
0.001942 30
0.284143 44
0.061330 15
0.000531 80
0.000655 35
0.501363 35
0.501018 35
0.500848 35
0.500769 36
0.500906 36
0.500699 37
0.500761 37
0.500876 37
0.500910 37
0.501435 37
0.501150 80
0.500393 80
0.500956 80
0.500888 80
0.500733 80
0.501201 80
0.500616 80
0.500144 80
0.501070 80
0.501105 80
0.500959 80
0.501102 80
0.500974 80
0.500837 80
0.500948 80
0.500821 80
0.492733 80
0.001436 80
0.500815 80
0.500796 80
0.500880 80
0.363572 196
0.005562 29
0.007302 29
0.021558 29
0.703294 30
0.715157 30
0.297152 60
0.091233 33
0.074978 34
0.005302 7
0.005564 62
0.024684 29
0.034863 64
0.011937 64
0.045667 66
0.300492 36
0.801896 41
0.003085 34
0.013756 165
0.017140 66
0.000065 56
0.511205 23
0.004960 25
0.002352 26
0.000519 26
0.000966 26
0.001231 26
0.002016 26
0.000632 439
0.001848 47
0.004987 37
0.003109 52
0.087132 23
0.004617 25
0.001809 26
0.000900 26
0.001135 26
0.001888 26
0.001299 26
0.000694 439
0.001728 75
0.602677 36
0.017696 29
0.037982 64
0.012166 64
0.043477 66
0.235518 138
0.599685 54
0.003269 54
0.039022 47
0.003614 65
0.028245 168
0.012200 13
0.500653 13
0.500995 13
0.501135 13
0.501040 13
0.500761 13
0.501168 13
0.500993 13
0.500999 13
0.501136 13
0.500699 13
0.501276 13
0.501001 13
0.501048 13
0.500854 13
0.501105 13
0.500778 13
0.500904 13
0.501110 13
0.500927 13
0.500683 13
0.242612 13
0.067948 50
0.000091 25
0.000385 25
0.000306 38
0.500629 25
0.127806 38
0.235970 25
0.014366 26
0.000058 90
0.000069 32
0.046146 46
0.053681 143
0.005125 225
0.000665 214
0.148684 212
0.046538 51
0.001248 150
0.009124 104
0.633222 73
0.007038 25
0.002566 26
0.000672 26
0.001192 26
0.001908 26
0.001282 26
0.000209 439
0.002307 86
0.025993 56
0.003361 96
0.031174 58
0.005169 61
0.000443 39
0.027223 49
0.002716 57
0.003492 33
0.036875 53
0.003532 59
0.000371 37
0.027600 54
0.002781 62
0.000235 38
0.033393 38
0.000971 40
0.000610 34
0.094798 32
0.000446 38
0.028297 39
0.235620 73
0.019707 24
0.029149 2
0.011861 27
0.283689 32
0.078366 60
0.675442 78
0.004009 59
0.000198 191
0.000214 219
0.000257 145
0.000036 80
0.000136 78
0.000074 77
0.000212 284
0.000135 196
0.000183 200
0.000182 225
0.000289 70
0.000023 80
0.000178 142
0.000021 76
0.000106 76
0.000068 75
0.000027 79
0.000434 74
0.000205 297
0.000145 80
0.000506 76
0.000406 76
0.000382 233
0.000194 71
0.005001 1606
0.157003 612
0.000064 220
0.000098 79
0.000185 77
0.000115 303
0.000204 157
0.000178 283
0.000384 78
0.000089 156
0.000208 152
0.000178 138
0.000345 139
0.000034 73
0.000237 155
0.000419 76
0.000418 66
0.000255 199
0.000395 193
0.001650 42
0.000601 79
0.000503 80
0.000445 136
0.000825 78
0.000410 77
0.001465 69
0.022557 171
0.904651 98
0.257847 97
0.152076 91
1.068671 112
0.324177 90
4.046360 105
0.353663 106
5.163388 90
3.842111 92
0.777832 96
0.156074 96
0.050978 96
0.194485 96
0.050566 96
0.766661 106
0.001575 113
0.002313 97
1.326984 111
0.003542 99
0.216992 97
0.389907 101
0.068723 100
0.194144 101
0.147203 100
0.376193 96
0.087512 99
0.318013 96
0.045850 98
1.274552 98
0.053753 107
0.263656 99
0.448485 103
0.781207 94
1.470989 97
0.619036 91
0.818427 99
0.052228 97
0.917800 96
0.055889 99
0.010048 93
2.078393 103
5.283435 103
0.114345 99
9.464389 91
0.458434 96
0.203394 95
0.212657 97
3.634295 101
0.212737 113
0.084365 106
0.102736 96
0.616067 101
0.369919 94
0.915964 97
0.256105 101
0.149933 95
0.858739 97
0.067532 102
0.314305 94
19.601578 102
1.387037 99
2.858708 97
0.316467 100
0.450580 94
0.061015 94
0.606034 98
2.302068 89
0.724120 97
0.205971 93
7.277682 106
0.344814 104
3.844365 102
0.096886 96
0.153276 102
0.670536 105
0.255952 106
4.988320 95
0.006856 104
0.001019 94
0.001345 97
0.001219 94
0.317792 95
2.670789 99
1.333090 101
13.997459 95
1.868003 99
0.008640 99
0.005265 100
0.002699 92
0.004994 99
0.000261 2
0.080741 90
0.000648 2
3.607063 98
0.220115 91
2.264186 99
0.722779 100
0.095077 96
0.878469 96
0.143545 102
1.807986 100
2.189005 97
2.211474 93
0.041439 97
0.058210 88
0.000792 2
0.415223 93
0.800341 102
0.118849 96
2.697710 97
0.819330 103
0.001538 2
4.666683 100
0.981742 115
6.717293 98
0.001423 98
0.022055 99
2.124100 98
0.715303 104
1.160001 96
3.278222 94
0.865877 99
2.314177 95
0.152658 94
29.628105 93
0.019828 97
0.100343 96
0.053178 98
0.041279 96
1.027187 96
0.267049 96
0.767305 97
0.244782 96
0.009016 98
0.000072 2
0.296557 101
4.039365 94
36.710311 92
0.002163 104
4.247675 94
37.477774 92
0.002243 93
0.939134 97
6.333701 92
0.465944 93
5.638912 99
0.030858 97
1.437413 95
3.484636 101
0.620684 100
0.143811 101
4.111991 109
0.186446 106
0.560822 100
0.206547 109
0.204135 111
0.000226 2
0.007030 98
0.110689 98
0.000460 2
0.054308 97
0.000696 2
0.091689 95
0.455809 98
1.699248 97
3.422176 97
0.368937 102
0.340648 112
0.067856 111
1.946071 104
0.101217 95
2.185920 92
1.089933 92
2.603528 94
0.057166 104
0.318541 118
0.041945 109
0.051521 90
0.469646 97
0.355907 105
0.336930 98
4.265719 111
0.089428 94
0.661786 90
2.870377 103
94.002031 107
0.577557 94
0.408195 97
3.178239 96
0.000813 2
0.136351 91
2.317914 97
1.115875 95
1.285217 97
1.797510 99
2.253768 91
2.199014 102
1.691309 102
1.384375 93
2.201456 95
2.353159 110
0.294243 100
0.209989 100
0.980973 94
0.000957 98
0.190280 95
0.164515 99
0.815988 99
0.981535 102
2.646554 103
0.574699 102
0.717604 101
0.139812 95
0.109675 95
0.220864 90
0.000594 2
0.132085 103
0.060222 103
0.710960 101
0.005201 96
4.566786 94
17.135266 92
0.934653 95
0.202092 97
0.298918 96
0.057846 97
0.108771 99
0.192604 104
0.250842 90
0.000182 2
0.059653 99
0.142406 103
0.057625 97
0.002569 89
0.000123 2
2.206706 94
0.045858 110
0.103252 115
0.093854 108
0.004571 105
0.001348 108
0.000345 2
0.456136 114
0.973985 113
0.663532 119
1.284978 108
0.416829 113
0.551563 118
0.109553 112
0.090378 102
2.833232 102
0.772738 95
0.903457 98
0.312265 109
0.058673 106
0.035322 101
0.123109 96
0.613620 100
4.136534 102
0.041779 94
1.287655 92
0.056731 91
0.155969 103
0.064213 100
0.131910 101
0.054908 103
0.014362 100
0.188504 97
0.049717 99
0.113109 98
9.254243 102
3.068313 98
0.105860 103
0.101547 99
0.002076 102
2.984295 96
1.638443 94
0.092214 97
6.962997 94
0.316438 100
2.849823 98
0.008731 92
0.667221 92
0.876483 100
0.655430 98
2.211718 93
1.340520 102
1.845730 95
0.289046 101
0.298294 93
0.063949 92
1.166165 89
0.971707 106
0.373626 91
0.299675 98
0.472894 90
2.491035 101
0.018800 100
4.759509 94
0.451760 98
0.109868 100
0.139065 92
0.835311 96
13.763150 90
2.811364 39
0.616077 40
0.123377 40
0.137426 40
0.115559 40
0.119623 40
0.107875 40
0.111911 40
0.108697 40
0.107974 40
0.095501 43
0.012239 29
1.005506 23
0.004873 25
0.001119 26
0.001935 26
0.000723 26
0.001613 26
0.001744 26
0.000379 439
0.002405 60
0.000879 60
0.028693 61
0.002943 106
0.040777 46
0.030901 23
0.005007 25
0.000898 26
0.002088 26
0.000871 26
0.001113 26
0.002514 26
0.000957 439
0.001846 55
0.001436 57
0.136449 53
0.003412 55
0.579830 53
0.507791 59
0.451870 38
0.000085 84
0.461041 23
0.005567 25
0.001078 26
0.001734 26
0.000702 26
0.001695 26
0.001473 26
0.001286 439
0.001872 56
0.000719 56
0.158930 35
0.012548 50
0.057665 83
0.004677 25
0.000996 26
0.001821 26
0.001105 26
0.001324 26
0.001966 26
0.000963 208
0.000112 179
0.000043 52
0.002285 104
0.042396 45
0.026713 23
0.005287 25
0.001722 26
0.002295 26
0.001122 26
0.001486 26
0.001734 26
0.000878 26
0.000054 52
0.000042 26
0.000042 26
0.000038 26
0.000038 26
0.000037 26
0.000039 26
0.000039 26
0.000040 26
0.000038 26
0.000038 26
0.000045 49
0.000043 52
0.001806 61
0.000846 68
0.035441 44
0.034132 23
0.005252 25
0.001233 26
0.002281 26
0.001045 26
0.001352 26
0.002022 26
0.000836 26
0.000054 182
0.000059 104
0.000046 127
0.001767 58
0.000669 58
0.034722 60
0.004232 60
0.000651 44
0.061542 45
0.035843 23
0.012013 25
0.001146 26
0.001820 26
0.001609 26
0.000500 26
0.001871 26
0.000936 439
0.002407 59
0.004530 53
0.101059 38
0.000493 61
0.036829 23
0.005431 25
0.001514 26
0.002287 26
0.002125 26
0.001025 26
0.002575 26
0.001143 338
0.000092 101
0.002403 68
0.000574 62
0.028979 75
0.000090 70
0.030353 59
0.000571 60
0.301761 38
0.035924 23
0.004840 25
0.001033 26
0.001848 26
0.000801 26
0.001312 26
0.001900 26
0.000939 208
0.000063 231
0.002140 73
0.000802 68
0.025104 58
0.003200 62
0.000651 46
0.053318 47
0.042052 23
0.006093 25
0.001126 26
0.001915 26
0.001348 26
0.002023 26
0.002668 26
0.001387 26
0.000109 208
0.000075 104
0.000075 101
0.002004 60
0.058485 67
0.082309 45
0.033283 23
0.005076 25
0.001071 26
0.001703 26
0.001058 26
0.000875 26
0.001974 26
0.001123 26
0.000937 208
0.000356 52
0.000011 26
0.000102 127
0.002069 65
0.000498 69
0.043653 48
0.030956 23
0.006334 25
0.001142 26
0.002391 26
0.001235 26
0.001169 26
0.001915 26
0.001040 26
0.000916 26
0.000061 208
0.000046 127
0.000068 52
0.001918 63
0.000619 63
0.055195 48
0.032034 23
0.004660 25
0.000821 26
0.001702 26
0.000893 26
0.000894 26
0.001998 26
0.000992 26
0.000972 361
0.000373 52
0.001768 64
0.000568 64
0.048206 49
0.040823 86
0.004594 25
0.000755 26
0.001684 26
0.000861 26
0.000877 26
0.001795 26
0.001152 26
0.000989 208
0.000066 205
0.001988 63
0.000206 47
0.085009 48
0.032988 23
0.005054 25
0.000808 26
0.001842 26
0.001193 26
0.001003 26
0.001143 26
0.002228 26
0.000780 26
0.000059 208
0.000046 127
0.000045 52
0.001750 58
0.000659 63
0.048503 43
0.027789 23
0.005072 25
0.001073 26
0.001636 26
0.000991 26
0.000961 26
0.001158 26
0.002011 26
0.001075 413
0.001967 62
0.000357 62
0.072003 47
0.028014 23
0.004560 25
0.001066 26
0.001691 26
0.001031 26
0.000754 26
0.001049 26
0.001827 26
0.001145 260
0.000060 52
0.000045 27
0.000044 74
0.002100 58
0.000547 65
0.044489 43
0.037258 23
0.005614 25
0.000897 26
0.001607 26
0.000808 26
0.002164 26
0.001620 26
0.002750 26
0.001718 413
0.002004 60
0.000832 66
0.137533 45
0.037238 84
0.008086 25
0.001492 26
0.003168 26
0.001557 26
0.001790 26
0.001751 26
0.000831 26
0.001602 413
0.001355 60
0.000294 44
0.037428 45
0.029536 23
0.005796 25
0.001758 26
0.001765 26
0.000999 26
0.000996 26
0.001172 26
0.001543 26
0.001290 413
0.002273 133
0.051200 62
0.000555 53
0.069323 56
0.075027 47
0.210207 66
0.000560 63
0.156498 51
0.027582 23
0.004245 25
0.000790 26
0.002269 26
0.000658 26
0.000839 26
0.001173 26
0.002026 26
0.000822 413
0.001935 60
0.000835 66
0.093233 45
0.033538 23
0.004707 51
0.002080 26
0.000563 26
0.001658 26
0.000777 26
0.001823 26
0.001053 413
0.001761 54
0.000600 55
0.072710 33
0.032730 85
0.005321 25
0.002043 26
0.001818 26
0.000742 26
0.001053 26
0.001633 26
0.001259 26
0.000897 413
0.002004 64
0.000339 45
0.033394 54
0.003190 63
0.000308 38
0.148962 58
0.003349 61
0.000300 42
0.034229 64
0.000659 60
0.027237 50
0.002706 58
0.008697 33
0.162547 61
0.003987 68
0.000511 45
0.517953 65
0.005182 68
0.000079 49
0.032750 61
0.003837 64
0.000516 45
0.608440 48
0.004460 57
0.012361 32
0.053896 57
0.003429 62
0.000460 43
0.039371 59
0.003388 61
0.000356 42
0.060024 62
0.000806 66
0.188925 61
0.004568 66
0.000320 47
0.037928 73
0.003735 78
0.000338 59
0.032312 66
0.003578 71
0.000339 52
0.031776 60
0.003333 62
0.000500 43
0.062253 67
0.000686 69
0.047830 60
0.000968 62
0.077014 63
0.000055 65
0.046197 66
0.000840 68
0.030811 58
0.004032 61
0.000661 42
0.054655 61
0.004524 62
0.000510 43
0.029932 61
0.003631 117
0.040550 58
0.003775 59
0.000467 40
1.058549 57
0.003318 68
0.000401 49
0.111375 55
0.003345 64
0.000254 39
0.175365 56
0.004604 63
0.000673 40
0.081648 57
0.003660 107
0.039921 56
0.003577 95
0.033350 51
0.003807 60
0.037343 35
0.083177 56
0.005365 65
0.000055 40
0.148357 47
0.003951 55
0.100878 30
0.086516 58
0.004319 63
0.456262 40
0.045355 54
0.003772 58
0.000359 35
0.381549 70
0.004384 72
0.000428 53
0.141615 61
0.003515 69
0.010815 44
0.249470 44
0.328777 54
0.003810 88
1.160065 82
0.004969 25
0.001673 26
0.002112 26
0.001407 26
0.001972 26
0.002347 26
0.001617 182
0.000046 52
0.000059 26
0.000164 127
0.000024 52
0.002594 66
0.000338 42
0.027744 59
0.003449 60
0.000327 42
0.037445 59
0.003832 67
0.000709 49
0.042326 62
0.003593 70
0.000631 52
0.040593 69
0.004053 70
0.000443 52
0.247508 53
0.004036 60
0.000801 36
0.042005 67
0.004085 68
0.000613 50
0.043033 43
0.410581 74
0.006783 25
0.002466 26
0.001503 26
0.001589 26
0.002351 26
0.002406 26
0.000552 156
0.000058 156
0.000099 127
0.002403 56
0.009631 34
0.043485 59
0.000601 61
0.047009 44
0.047796 23
0.005336 25
0.001799 26
0.002159 26
0.001353 26
0.002441 26
0.002489 26
0.000421 260
0.000066 179
0.002512 61
0.005175 54
0.057026 63
0.029568 62
0.169599 68
0.032645 67
0.105761 69
0.027201 119
0.014405 111
0.005375 70
0.837809 121
0.014476 113
0.143931 61
0.001486 62
0.036052 68
0.027345 69
0.061411 66
0.000704 71
0.050137 62
0.005230 66
0.000244 46
0.041457 48
0.004371 59
0.024287 33
0.063578 56
0.006379 68
0.000384 42
0.046690 52
0.005144 58
0.001006 34
0.148842 62
0.004318 65
0.000533 45
0.060096 58
0.000623 53
0.120345 50
0.005095 66
0.000180 40
0.075860 59
0.004578 66
0.000192 42
0.060608 60
0.004982 63
0.000269 43
0.067928 58
0.004256 62
0.000257 42
0.036473 66
0.004894 69
0.000299 49
0.118376 64
0.004963 114
0.144791 54
0.005436 63
0.006574 37
0.154251 53
0.004835 59
0.000356 35
0.042046 61
0.004388 63
0.000412 43
0.037557 46
0.006120 56
0.000337 30
0.053660 52
0.004525 59
0.000109 35
0.071753 57
0.005215 67
0.000051 43
0.032538 52
0.004701 64
0.003803 38
0.090875 53
0.004420 63
0.000329 39
0.034237 65
0.006158 70
0.000177 50
0.305970 61
0.004804 66
0.000312 46
0.093615 69
0.003981 80
0.000560 54
0.307683 52
0.004916 61
0.000047 39
0.035421 59
0.004793 106
0.033861 55
0.004689 65
0.000470 39
0.100737 56
0.005665 102
0.042158 64
0.006187 69
0.000384 49
0.191619 59
0.005807 61
0.000431 41
0.414463 58
0.005268 60
0.000462 40
0.095310 58
0.005582 65
0.000255 45
0.062137 57
0.006617 60
0.000544 40
0.030826 49
0.005673 59
0.000099 33
1.060496 47
0.006027 60
0.000312 32
0.030533 58
0.006179 104
0.031824 57
0.004191 61
0.000169 41
0.030874 60
0.004873 108
0.024659 58
0.005163 62
0.000496 42
0.071248 58
0.004551 62
0.000327 42
0.045291 58
0.005044 62
0.000403 42
0.058335 59
0.005147 106
0.043367 57
0.005173 102
0.026248 62
0.005097 66
0.000456 46
0.046538 62
0.004931 66
0.000193 46
0.298601 49
0.004451 59
0.000341 33
1.129930 47
0.005795 92
0.029315 65
0.005126 69
0.000323 49
0.306369 49
0.005080 59
0.000144 33
1.160402 47
0.005383 60
0.000169 32
0.024517 48
0.005339 59
0.000267 33
0.078160 56
0.004921 62
0.000192 38
0.095488 49
0.005707 90
0.041878 52
0.005037 58
0.000478 34
0.095025 59
0.006157 65
0.000246 39
0.028643 51
0.006575 65
0.000290 37
0.075632 51
0.006088 61
0.000503 35
0.107847 59
0.006188 67
0.000448 43
0.054284 48
0.005251 65
0.000648 39
0.033993 62
0.005322 66
0.000727 46
0.162557 67
0.006185 74
0.000204 50
0.043864 68
0.005341 71
0.000575 51
0.032707 61
0.005338 65
0.000555 45
0.037049 66
0.005222 124
0.041393 68
0.006136 78
0.000294 52
0.029724 59
0.005704 63
0.000217 43
0.032414 57
0.005247 112
0.032182 59
0.005410 66
0.000224 44
0.030446 57
0.005261 61
0.000558 41
0.039844 55
0.004656 66
0.000065 40
0.082809 58
0.005953 108
0.098374 52
0.006332 63
0.000301 37
0.037871 57
0.004469 67
0.000165 41
0.029792 73
0.005294 77
0.000421 57
0.031251 69
0.004964 77
0.000112 53
0.105950 65
0.006611 69
0.000052 49
0.034642 54
0.005291 61
0.000415 35
0.123751 48
0.006488 90
0.048319 51
0.004949 92
0.068249 57
0.005108 94
0.025252 63
0.005545 69
0.000290 45
0.039925 76
0.006609 142
0.025503 67
0.006031 124
0.023990 47
0.005873 84
0.034433 59
0.005632 63
0.000301 43
0.041718 61
0.005702 122
0.036962 51
0.005529 100
0.197849 59
0.006863 76
0.000347 52
0.039694 54
0.006699 60
0.000322 36
0.056656 53
0.005600 55
0.000208 31
0.131632 60
0.006967 78
0.000065 52
0.117298 58
0.006553 68
0.000204 44
3.079877 55
0.006429 70
0.000190 46
0.038891 64
0.006931 73
0.000350 47
0.044138 59
0.006579 120
0.032214 51
0.007395 60
0.000391 34
0.048215 54
0.007229 62
0.000206 38
0.147332 63
0.001182 58
0.040167 57
0.000632 56
0.083452 63
0.000555 62
0.035452 51
0.005954 61
0.000863 35
0.061201 53
0.005759 63
0.000194 37
0.071161 55
0.005393 65
0.000416 39
0.094016 47
0.005692 88
0.101732 58
0.007817 68
0.000422 42
0.052243 58
0.007888 68
0.000297 42
0.050836 49
0.005797 59
0.000380 33
0.059140 51
0.005738 61
0.040842 35
0.081360 68
0.005926 78
0.000288 56
0.044566 51
0.005645 67
0.000480 39
0.049156 58
0.008796 108
0.098439 56
0.006628 60
0.001022 36
0.029138 61
0.006496 63
0.000632 43
0.039969 52
0.005499 60
0.000407 34
0.034045 61
0.006220 65
0.000275 45
0.053707 62
0.006106 65
0.000273 45
0.070085 61
0.006359 67
0.000238 43
0.164099 61
0.006524 69
0.386120 45
0.051131 64
0.007072 116
0.059525 58
0.006106 112
0.044779 50
0.005808 60
0.000450 34
0.032788 58
0.005888 61
0.000364 41
0.052568 48
0.007163 88
0.044442 51
0.006044 68
0.000406 42
0.041244 69
0.000710 72
0.060719 57
0.006280 66
0.000423 42
0.029380 51
0.006549 63
0.000368 37
0.133730 47
0.005459 61
0.061991 33
0.726702 50
0.006138 58
0.000634 34
0.035531 48
0.005570 60
0.000314 34
0.040719 60
0.008405 63
0.000385 43
0.044253 49
0.007734 61
0.000248 35
0.033127 52
0.007069 98
0.038133 55
0.010406 65
0.000745 39
0.046035 64
0.006421 114
0.046352 54
0.008972 57
0.000258 33
0.030251 59
0.006424 64
0.025502 40
0.044166 49
0.002332 68
0.000556 42
0.029224 61
0.005864 63
0.039247 39
0.034419 47
0.005703 57
0.010394 31
0.108918 50
0.005686 59
0.000465 33
0.032913 66
0.006294 75
0.000287 51
0.034388 69
0.006763 80
0.000531 54
0.030350 67
0.008224 73
0.000499 49
0.029030 64
0.006300 70
0.000383 46
0.032075 71
0.005851 76
0.000380 56
0.062624 75
0.005524 80
0.000386 60
0.068527 74
0.008441 79
0.000804 59
0.062261 80
0.007266 85
0.000114 65
0.085894 64
0.006328 74
0.006449 54
0.046496 69
0.006264 79
0.000270 59
0.044929 73
0.006218 83
0.000290 63
0.039844 66
0.005098 77
0.000318 51
0.032400 59
0.007748 110
0.199368 56
0.009013 68
0.000145 44
0.058847 58
0.006423 61
0.000345 41
0.056003 61
0.008810 64
0.000206 44
0.053724 69
0.005283 74
0.000415 50
0.028188 65
0.006496 118
0.031249 59
0.006495 68
0.000536 46
0.040710 60
0.006556 62
0.000389 42
0.043634 62
0.007164 65
0.000469 45
0.212605 64
0.006605 68
0.000407 44
0.033011 51
0.009074 60
0.000176 34
0.046161 48
0.006272 59
0.007512 31
0.027012 48
0.006112 88
0.052305 61
0.007277 112
0.026568 57
0.006361 106
0.031072 59
0.006988 108
0.028721 61
0.006974 68
0.000355 44
0.023306 58
0.007141 65
0.000134 41
0.034276 55
0.007271 100
0.027587 61
0.006493 64
0.000381 44
0.033888 60
0.006402 106
0.470624 59
0.007738 67
0.000567 47
0.181706 60
0.006847 63
0.000311 43
0.032588 62
0.007101 70
0.000446 48
0.039728 62
0.006372 65
0.000405 45
0.027596 55
0.008207 67
0.000176 43
0.162967 48
0.010828 62
0.009415 36
0.114241 51
0.008570 94
0.030515 56
0.007121 62
0.000435 38
0.368816 51
0.008192 92
0.042696 47
0.006727 108
0.113032 54
0.010258 63
0.000384 37
0.032935 50
0.007955 58
0.000447 32
0.037332 49
0.006783 58
0.000360 32
0.071100 58
0.006588 66
0.000436 42
0.050970 51
0.007026 64
0.027135 38
0.110212 50
0.006923 59
0.005144 33
0.098756 60
0.007673 68
0.000194 42
0.127034 55
0.007495 61
0.004856 35
0.046047 48
0.007333 69
0.000332 41
0.054960 52
0.012524 58
0.000207 34
0.026798 50
0.007930 58
0.000198 32
0.074278 48
0.007858 55
0.020308 29
0.067194 56
0.007308 72
0.000379 46
0.047299 49
0.007617 57
0.000613 31
0.049507 52
0.007540 66
0.000087 38
0.051519 48
0.007517 86
0.100242 61
0.007140 66
0.012460 42
0.027181 51
0.007512 67
0.015099 39
0.185228 50
0.006788 60
0.000396 32
0.000050 2
0.048041 51
0.007245 100
0.040756 57
0.009682 65
0.014189 39
0.058495 47
0.007231 58
0.000090 32
0.053841 54
0.006845 61
0.013409 37
0.487088 47
0.008679 56
0.011424 30
0.139249 47
0.000811 44
0.000210 43
0.001516 90
0.000022 44
0.000717 36
2.781257 45
0.000582 35
0.001421 38
0.001248 36
0.010278 43
0.000661 34
0.000537 51
0.000548 55
0.000361 60
0.000322 39
0.000460 51
0.000556 60
0.000451 53
0.002406 80
0.041498 41
0.000626 37
0.435357 97
0.027031 46
0.000139 36
0.000950 82
0.000671 42
0.000742 44
0.003539 47
0.000816 35
0.462182 37
0.000686 43
0.000818 47
0.044080 43
0.000276 42
0.000495 44
0.000466 50
0.000495 34
0.322645 46
0.000474 32
0.030356 50
0.000453 46
0.002029 81
0.004482 95
0.016565 41
0.000612 40
0.000571 53
0.000593 43
0.000561 35
0.309399 51
0.513975 27
6.258968 4
0.042125 46
0.002365 31
0.001057 66
0.001022 46
0.000070 2
0.001075 48
0.000071 2
0.001271 44
0.000072 2
0.001180 31
0.000071 2
0.000916 44
0.000072 2
0.000848 44
0.000054 2
0.000968 37
0.000053 2
0.001010 44
0.001268 52
0.001163 33
0.507589 43
0.000442 44
0.000643 36
0.000652 43
0.000742 51
0.000482 45
0.000764 42
0.000549 45
0.000706 33
0.000605 44
0.000444 41
0.011767 49
0.000690 44
0.000980 64
0.000973 46
0.001588 48
0.021576 30
0.001278 44
0.000702 47
0.001003 31
0.094804 47
0.000429 48
0.001372 38
0.042408 36
0.001563 44
0.002642 36
0.144264 51
0.003355 42
0.001319 41
0.074760 43
0.002496 36
0.005002 43
0.000792 43
0.021527 47
0.001051 74
0.058155 35
0.000831 77
0.000752 71
1.000004 52
0.000973 50
0.000684 43
0.754107 38
0.001393 49
0.411506 44
0.047151 39
0.275593 41
0.002125 54
0.002280 48
0.002280 39
0.002032 50
0.000510 34
0.402604 45
0.000608 48
0.000530 45
0.000442 50
0.000907 40
0.055728 90
0.035499 46
0.000153 48
0.000414 42
0.000565 44
0.001515 44
1.814062 45
5.631075 30
0.059367 39
0.002503 57
0.001864 42
0.000982 43
0.000504 44
0.000460 52
0.000608 40
0.013464 34
0.000478 62
2.400359 50
0.022649 23
0.042018 42
0.000616 41
0.000696 46
0.000567 40
0.000529 43
0.000514 32
0.048513 57
0.001395 47
0.000498 44
0.000361 45
0.000859 53
0.000231 44
0.000688 44
0.000708 41
0.000668 43
0.000389 41
0.000328 64
0.031678 112
0.016919 34
0.001437 33
0.014166 33
0.000389 45
0.000599 46
0.822280 51
0.001975 40
0.033790 145
0.000689 42
0.009282 42
0.001027 38
0.000797 60
0.000799 47
0.000554 36
0.025459 121
0.004691 123
0.004403 121
0.021151 46
0.008732 46
0.001037 41
0.000292 61
0.000194 38
0.004214 42
0.000762 36
0.000736 39
0.001139 50
0.000095 3
0.000877 41
0.778353 25
0.024969 4
0.002331 38
0.001426 31
0.078117 35
0.718534 41
0.014365 57
0.022365 35
0.006314 105
0.007709 39
0.001253 36
0.000395 31
0.000885 33
0.021710 51
0.000542 52
0.000565 53
0.000474 48
0.000417 38
0.057945 32
0.036698 40
0.000854 34
0.000695 39
0.551203 33
0.000862 40
0.000815 52
0.000542 45
0.000412 34
0.326252 40
94.207860 47
0.002254 43
0.002044 42
0.000498 47
0.000597 34
0.308016 33
0.024029 4
0.001996 35
0.000884 40
0.001002 36
0.027562 42
0.000698 32
0.000555 37
0.006773 102
0.003846 55
0.000575 49
0.000651 50
0.009156 53
0.000469 46
0.000588 41
0.000556 37
0.000310 43
0.000618 44
0.000483 47
0.000483 38
0.001379 39
0.000274 37
1.630217 36
0.000721 43
0.000678 43
0.000396 49
0.009416 50
0.000755 55
0.000558 46
0.000471 39
0.008546 105
0.001520 38
0.000888 35
0.000466 60
0.000467 51
0.001001 45
0.000433 35
0.241052 42
0.002467 50
0.003062 43
0.001946 34
0.001285 40
0.001781 34
0.000700 69
0.000533 35
0.000537 43
0.340777 92
0.060515 35
0.000857 36
0.150584 29
0.121017 30
0.012558 30
0.107826 30
0.014802 30
0.112135 33
0.111862 30
0.113664 30
0.120546 25
0.115145 23
0.111646 29
0.112529 23
0.113507 24
0.113065 31
0.111646 28
0.107725 26
0.118214 27
0.109843 26
0.116004 30
0.115746 25
0.120801 39
0.112147 41
0.113821 26
0.113228 31
0.117182 29
0.068462 86
0.099015 35
0.985525 41
0.109727 86
20.179417 11
0.003947 104
0.011434 14
0.005109 58
0.411907 245
0.013917 54
0.001743 33
0.002011 33
0.016714 50
0.000504 36
0.123631 48
0.000197 46
0.015269 69
0.049394 35
0.424325 33
0.059065 85
0.000588 40
0.002094 57
0.001270 40
0.014533 57
0.002942 35
0.002271 43
0.002185 36
0.002760 33
0.002022 51
0.001331 34
0.006606 32
0.026358 43
0.016794 32
0.001395 33
0.001371 44
0.001791 40
0.007277 89
0.005211 97
0.003954 91
0.005017 93
0.003437 87
0.004427 91
0.003788 87
0.017537 48
0.015102 57
0.014682 45
1.954224 80
0.003059 8
0.010576 54
2.013228 23
0.000147 18
0.009304 51
0.002435 83
0.656813 65
0.005055 22
0.003157 32
0.005286 19
0.000056 39
0.004855 61
0.005175 36
0.007537 15
0.004290 65
0.003821 54
0.004150 13
0.002813 55
0.000041 9
0.000310 8
0.002699 23
0.004039 23
0.000871 21
0.004529 69
0.004585 21
0.001322 35
0.010302 44
0.003172 38
0.004049 8
2.344502 19
0.481603 29
0.023098 29
0.014744 29
0.687978 30
0.851023 60
0.065768 33
0.062161 64
0.016506 33
0.028276 66
0.242929 101
0.000651 37
0.080516 221
0.624863 66
0.038945 32
0.000042 26
0.000134 5
0.000015 1
0.000013 1
0.000077 2
0.000022 1
0.000080 1
0.000015 1
0.000012 1
0.000076 1
0.000014 2
0.000083 1
0.000016 1
0.000013 1
0.000081 2
0.000025 2
0.000109 1
0.000014 1
0.000013 1
0.000081 1
0.000015 1
0.000013 1
0.000075 1
0.000012 2
0.000088 1
0.000013 2
0.000081 1
0.000014 1
0.000013 1
0.000076 1
0.000013 2
0.000111 4
0.001552 136
1.040978 5
0.000146 12
0.000064 5
0.000053 3
0.000048 2
0.000068 4
0.000048 3
0.000047 3
0.000043 3
0.000051 2
0.000044 5
0.000053 4
0.000051 4
0.000044 2
0.000147 8
0.000133 13
0.000318 18
0.000037 3
0.000087 5
0.000034 2
0.000031 3
0.000030 3
0.000034 4
0.000066 4
0.000030 2
0.000028 2
0.000025 2
0.000057 4
0.000030 2
0.000026 2
0.000027 1
0.000032 1
0.000032 3
0.000034 4
0.000059 3
0.000035 2
0.000032 4
0.000079 5
0.000038 1
0.000029 2
1.324757 4
0.044169 1
0.000054 1
0.000033 1
0.000032 1
0.000031 1
0.000032 1
0.000048 1
0.000033 1
0.000032 1
0.000038 1
0.000040 1
0.000031 1
0.000050 3
0.000038 1
0.000031 1
0.000094 1
0.000032 1
0.000031 1
0.000037 1
0.000041 1
0.000032 1
0.000038 1
0.000031 1
0.000046 3
0.000039 1
0.000031 1
0.000031 1
0.000038 1
0.000040 1
0.000038 1
0.000053 4
0.000036 1
0.000061 17
0.000061 17
0.000031 2
0.000041 4
0.000066 19
0.000105 39
0.000057 15
0.000058 12
0.000058 14
0.000036 3
0.000037 3
0.000064 6
0.000054 31
0.000033 13
0.000022 5
0.656678 45
0.000079 4
0.000055 2
0.000258 22
0.000061 5
0.000049 1
1.002962 31
0.000077 5
0.000074 1
0.000046 3
0.000045 1
0.000055 6
0.000063 3
0.000049 2
0.000046 4
0.000060 3
0.000049 5
0.000044 1
0.000044 4
0.000116 8
0.000052 2
0.503083 29
0.000068 6
0.000065 4
0.000051 4
0.000057 2
0.000051 6
0.000048 3
0.000045 4
0.000045 4
0.000056 4
0.000052 4
0.000053 2
0.000045 5
0.000048 2
0.000052 2
1.471973 4
0.646690 92
0.015009 68
0.045415 34
0.625804 13
0.530948 311
0.032001 204
0.001885 105
0.310477 187
0.336465 39
0.065148 131
0.000535 66
0.169194 121
0.001452 80
0.015586 157
0.074873 252
0.000255 80
0.501435 80
0.304385 163
0.000569 80
0.181993 176
0.006113 160
0.089932 227
0.294612 102
0.008523 79
0.016380 136
0.181040 82
0.000955 48
0.075004 73
0.030203 114
0.000145 33
0.501346 35
0.219260 46
0.000578 69
0.091249 115
0.500848 46
0.500935 46
0.501253 46
0.500234 80
0.501260 80
0.501352 80
0.164470 235
0.107451 80
0.383095 80
0.088132 81
0.000537 76
0.000270 2
0.000336 80
0.501037 80
0.501120 80
0.501096 80
0.501163 80
0.501274 80
0.501143 80
0.501075 80
0.501130 80
0.500779 80
0.501175 80
0.501267 80
0.500894 80
0.501149 80
0.501332 80
0.500815 80
0.500882 80
0.500418 80
0.501109 80
0.501100 80
0.500997 80
0.501126 80
0.501533 80
0.500824 80
0.501035 80
0.501159 80
0.501143 80
0.501334 80
0.500781 80
0.501225 80
0.501138 80
0.501254 80
0.500994 80
0.501128 80
0.501136 80
0.500954 80
0.501141 80
0.501106 80
0.501082 80
0.501236 80
0.500941 80
0.501125 80
0.501122 80
0.501127 80
0.501523 80
0.500815 80
0.501038 80
0.500995 80
0.501023 80
0.500938 80
0.500773 80
0.189015 80
0.001372 80
0.190945 246
0.500995 80
0.500826 80
0.280430 80
0.501148 80
0.500823 80
0.500959 80
0.501234 80
0.500616 80
0.501581 80
0.500836 80
0.500908 80
0.500873 80
0.501079 80
0.501145 80
0.501015 80
0.501147 80
0.501192 80
0.500981 80
0.500991 80
0.500817 80
0.501039 80
0.500949 80
0.500930 80
0.500758 80
0.500729 80
0.500608 80
0.501641 80
0.501045 80
0.500949 80
0.500979 80
0.501048 80
0.310157 80
0.000764 80
0.500978 80
0.501088 80
0.501163 80
0.113470 80
0.000109 116
0.034113 29
0.008984 29
0.018654 29
1.101008 30
0.442561 60
0.541334 30
0.589215 60
0.017396 60
0.008677 30
0.000038 30
0.064431 60
0.079173 33
0.098602 29
0.025703 64
0.015532 64
0.064264 66
0.399018 101
0.000672 37
0.804603 54
0.000417 653
0.000228 74
0.000321 65
0.000039 136
0.000162 133
0.000025 80
0.000089 64
0.000070 77
0.000264 79
0.000230 76
0.000031 66
0.000092 148
0.000024 148
0.000241 147
0.000099 74
0.000131 207
0.000085 204
0.000589 158
0.000159 76
0.000080 76
0.000375 78
0.000038 69
0.000024 73
0.000144 73
0.000231 288
0.000034 270
0.000023 76
0.000021 68
0.000021 64
0.000020 73
0.000188 146
0.000319 79
0.000308 77
0.005075 1115
0.000048 284
0.184661 47
0.000156 140
0.000196 462
0.000092 65
0.000150 74
0.000463 152
0.000036 212
0.000157 74
0.000076 67
0.000064 59
0.000357 59
0.000038 77
0.000134 149
0.000024 132
0.000021 71
0.000122 67
0.000105 80
0.000220 74
0.000029 61
0.000090 187
0.000024 71
0.000019 70
0.000527 158
0.000195 76
0.000130 76
0.000369 78
0.000038 69
0.000022 73
0.000136 73
0.000227 288
0.000037 270
0.000025 76
0.000021 68
0.000168 283
0.000512 79
0.000282 77
0.002786 42
0.003576 45
0.026117 170
0.000086 31
0.080564 13
0.315132 80
0.029276 280
0.008788 80
0.046315 80
0.049061 81
0.000079 125
0.000061 2
0.000404 80
0.005893 142
0.045348 63
0.000095 107
0.000070 2
0.000416 80
0.050119 281
0.277404 277
0.000092 80
0.342072 269
0.380778 80
0.270751 80
0.001404 151
0.215991 267
0.000825 80
0.500633 80
0.371456 80
0.000200 183
0.000568 80
0.423003 80
0.397826 80
0.001250 80
0.000599 80
0.358081 80
0.468141 187
0.000089 80
0.501308 80
0.204477 80
0.356030 267
0.501470 80
0.081088 80
0.002337 209
0.000124 80
0.180837 80
0.000148 196
0.000480 80
0.210561 80
0.017122 80
0.000081 196
0.000252 80
0.200270 80
0.000502 190
0.000416 80
0.031336 80
0.000974 80
0.005021 80
0.001220 80
0.352665 80
0.501555 80
0.221800 80
0.001014 209
0.000315 80
0.502215 80
0.000398 80
0.000200 196
0.000680 80
0.154708 80
0.000140 188
0.000762 80
0.326053 80
0.000051 269
0.292279 80
0.257777 80
0.000797 80
0.501773 80
0.408658 266
0.000161 80
0.206496 80
0.000219 80
0.002215 80
0.005435 160
0.099942 80
0.001505 80
0.001372 80
0.001231 80
0.001306 80
0.245337 80
0.007596 80
0.002423 80
0.199749 80
0.005010 80
0.001957 80
0.002475 80
0.100133 80
0.000754 80
0.155485 80
0.001848 80
0.000415 80
0.004349 80
0.240455 80
0.013795 80
0.150453 80
0.001921 80
0.002231 80
0.001068 80
0.001388 80
0.140481 80
0.002212 80
0.002421 80
0.001344 80
0.000742 80
0.033105 80
0.209496 80
0.001022 80
0.002010 80
0.002145 80
0.002364 80
0.001773 80
0.251238 80
0.001156 80
0.153635 80
0.002497 80
0.001199 80
0.141364 80
0.002292 80
0.002642 80
0.000510 160
0.111443 80
0.052611 80
0.000926 80
0.303306 80
0.002009 80
0.003583 80
0.134101 279
0.000345 80
0.007397 267
0.000096 80
0.010480 366
0.142063 80
0.000813 80
0.001133 80
0.163944 358
0.029336 80
0.016321 80
0.000875 80
0.037177 80
0.002036 80
0.111141 80
0.000980 80
0.000463 80
0.164285 80
0.000988 80
0.000214 80
0.145769 80
0.001740 80
0.046179 80
0.001914 80
0.003742 80
0.080093 80
0.008349 80
0.002385 160
0.006421 80
0.000207 80
0.054727 276
0.001343 80
0.183721 80
0.000471 80
0.002570 80
0.001433 80
0.314764 80
0.003236 160
0.000319 80
0.002077 80
0.000544 80
0.141710 80
0.157079 272
0.000105 80
0.003252 80
0.044470 80
0.001605 80
0.213617 80
0.002319 160
0.044447 80
0.000782 80
0.260681 80
0.043040 80
0.002284 80
0.000893 80
0.001359 80
0.001107 80
0.003554 80
0.000300 80
0.258415 80
0.150848 80
0.047433 80
0.002763 80
0.000913 80
0.000082 81
0.000080 133
0.000560 80
0.491097 80
0.263565 80
0.004365 80
0.004497 80
0.293572 80
0.000400 80
0.000303 80
0.001741 80
0.000475 80
0.000182 80
0.220088 80
0.001322 80
0.204484 80
0.002849 80
0.238241 80
0.006835 80
0.001168 80
0.206155 80
0.057642 80
0.002029 80
0.096608 80
0.002992 80
0.132071 80
0.000941 80
0.054088 80
0.000890 80
0.003208 80
0.001113 80
0.000671 80
0.145080 80
0.305545 80
0.001486 80
0.210045 80
0.003784 80
0.002561 80
0.501273 80
0.501510 80
0.501343 80
0.287396 80
0.000313 80
0.063084 80
0.001866 80
0.001719 80
0.076958 80
0.216302 80
0.000448 80
0.190258 80
0.004801 80
0.000156 80
0.000533 80
0.001042 80
0.171864 80
0.001407 80
0.027620 80
0.014946 80
0.003895 80
0.001005 80
0.033451 80
0.057001 80
0.058736 80
0.002028 80
0.002491 160
0.031421 80
0.012798 80
0.035733 80
0.003773 80
0.000495 80
0.003620 80
0.000149 80
0.001506 80
0.000510 80
0.000809 80
0.000210 80
0.193156 80
0.002563 80
0.152460 80
0.070338 80
0.092240 80
0.003812 80
0.098295 80
0.106160 156
0.002133 80
0.209326 80
0.002481 80
0.236519 80
0.003361 80
0.208181 80
0.003101 157
0.000872 80
0.452166 80
0.001734 80
0.501371 80
0.117972 157
0.248230 181
0.000781 80
0.006042 80
0.001672 80
0.092837 159
0.000157 182
0.000971 80
0.004402 188
0.000317 80
0.110935 159
0.501298 80
0.000521 77
0.501267 79
0.501209 79
0.500808 79
0.500976 79
0.501134 79
0.501604 80
0.501277 80
0.501435 80
0.501155 80
0.405671 257
0.000730 148
0.501110 69
0.006535 80
0.001341 186
0.000424 154
0.009092 423
0.140379 404
0.107413 255
0.000165 146
0.119511 408
0.139434 368
0.004740 261
0.000106 154
0.447197 407
0.501555 71
0.501027 71
0.501150 71
0.500644 71
0.278332 406
0.001132 261
0.000091 153
0.002620 400
0.500605 67
0.500836 133
0.501156 66
0.264079 264
0.000390 156
0.157952 414
0.002238 419
0.501137 76
0.501036 76
0.501046 76
0.500991 76
0.501207 76
0.501770 76
0.500728 76
0.500935 76
0.500951 76
0.501031 76
0.501010 76
0.501186 76
0.500702 76
0.501561 76
0.501110 76
0.501034 77
0.500666 77
0.500803 77
0.501306 77
0.501417 77
0.500697 77
0.501097 77
0.501310 77
0.500817 77
0.501567 77
0.500976 77
0.501157 77
0.501101 77
0.501064 77
0.501925 77
0.500528 77
0.501074 77
0.501302 77
0.501235 77
0.500597 77
0.500836 77
0.501459 77
0.500931 77
0.501218 77
0.500860 77
0.500917 77
0.500816 77
0.501447 77
0.500985 77
0.501334 77
0.500611 77
0.501369 77
0.199500 270
0.000355 151
0.501463 71
0.230648 410
0.500975 68
0.501002 135
0.501116 67
0.500672 67
0.501006 67
0.500803 67
0.500875 67
0.500818 67
0.501135 67
0.500567 67
0.499347 259
0.000340 148
0.500983 68
0.500386 70
0.501097 70
0.501162 139
0.501623 69
0.212164 267
0.000248 80
0.501479 80
0.500955 80
0.239231 411
0.004147 161
0.000087 101
0.000298 156
0.500863 78
0.050853 261
0.000194 157
0.501221 77
0.011443 262
0.000243 156
0.501027 78
0.203042 80
0.007127 334
0.001422 266
0.000154 155
0.312532 80
0.000155 334
0.364514 425
0.501157 79
0.501096 157
0.500286 78
0.501024 78
0.447402 260
0.000478 155
0.088428 423
0.501370 79
0.019004 80
0.000137 81
0.000109 100
0.000727 155
0.109926 398
0.500581 67
0.369828 402
0.155296 80
0.003196 332
0.500758 74
0.367353 257
0.000727 150
0.048691 80
0.000051 184
0.000102 159
0.040155 416
0.003067 80
0.000523 81
0.000208 103
0.000144 2
0.001577 80
0.107807 161
0.000242 251
0.500990 75
0.500906 75
0.501038 75
0.500788 75
0.501148 75
0.501231 75
0.500526 75
0.220634 80
0.000301 171
0.000070 148
0.013793 80
0.000729 81
0.000052 99
0.000121 153
0.496698 80
0.000684 265
0.500405 80
0.061596 80
0.000082 182
0.000209 153
0.206174 264
0.000115 2
0.000370 151
0.103347 161
0.000155 100
0.000343 152
0.103215 80
0.000374 182
0.000213 148
0.041462 423
0.501471 79
0.328842 346
0.000109 80
0.006941 427
0.000797 373
0.000859 427
0.000209 370
0.501537 80
0.500715 80
0.501318 80
0.501214 80
0.500931 80
0.254430 227
0.000584 109
0.000453 80
0.154076 338
0.502636 80
0.254648 327
0.000162 80
0.403618 411
0.003562 332
0.000256 80
0.354252 153
0.000527 180
0.000136 80
0.004240 333
0.254707 409
0.007544 343
0.008514 343
0.030594 342
0.008628 153
0.500592 73
0.156395 252
0.006679 153
0.000099 252
0.045843 153
0.012093 253
0.033877 405
0.163980 320
0.000201 80
0.261010 153
0.240449 171
0.000084 80
0.003368 80
0.002614 330
0.354688 223
0.000170 105
0.000135 80
0.004911 153
0.000152 252
0.101317 405
0.425395 373
0.001987 293
0.001392 387
0.000922 386
0.001057 374
0.000757 340
0.000115 80
0.033854 146
0.000091 67
0.000124 121
0.001449 80
0.103654 263
0.000957 80
0.108710 264
0.028683 249
0.000999 80
0.023176 331
0.050593 161
0.000100 176
0.085439 80
0.006231 178
0.000375 80
0.000949 261
0.000205 80
0.000509 258
0.000135 80
0.405408 256
0.000169 80
0.054033 161
0.000108 112
0.000063 80
0.050218 356
0.060469 362
0.450575 355
0.501352 80
0.501293 80
0.500666 80
0.501402 80
0.345193 161
0.000143 99
0.000240 80
0.419884 345
0.254203 80
0.000117 81
0.000581 102
0.000352 80
0.002126 338
0.046993 272
0.000181 80
0.000826 259
0.000153 80
0.096881 161
0.000088 108
0.000209 80
0.145152 260
0.000095 80
0.065549 357
0.500918 80
0.501457 80
0.501321 80
0.501316 80
0.501425 80
0.500380 80
0.501141 80
0.501177 80
0.392763 258
0.001930 265
0.000055 2
0.000210 80
0.199292 81
0.000348 186
0.001567 268
0.003839 347
0.002892 346
0.000608 80
0.029314 269
0.007603 348
0.001816 80
0.000725 268
0.001691 80
0.057302 81
0.000223 105
0.000414 2
0.000062 80
0.296838 351
0.003953 349
0.001306 342
0.049074 348
0.010447 341
0.295648 349
0.008364 342
0.110457 344
0.249759 351
0.053078 343
0.040774 80
0.000439 81
0.000169 107
0.000067 2
0.000474 80
0.057000 161
0.000088 182
0.042536 266
0.000092 80
0.049530 257
0.000554 80
0.008365 80
0.000722 186
0.000077 80
0.147686 260
0.000173 80
0.100723 80
0.060224 261
0.054475 341
0.055924 344
0.094908 80
0.083393 264
0.018241 342
0.501108 80
0.100945 345
0.210052 161
0.000085 190
0.012699 349
0.029211 347
0.102604 80
0.000498 266
0.065577 364
0.039998 80
0.001250 81
0.000080 119
0.000262 80
0.001362 80
0.000073 81
0.000535 102
0.000262 80
0.012138 80
0.000522 266
0.501559 80
0.004008 265
0.000362 80
0.004159 257
0.001236 80
0.102825 80
0.000110 189
0.000092 80
0.089793 339
0.152913 161
0.000088 97
0.000448 80
0.004597 283
0.000549 80
0.105308 80
0.000574 266
0.148343 262
0.000169 80
0.204498 438
0.004641 80
0.084613 194
0.000523 80
0.332387 80
0.000059 81
0.000320 100
0.000190 80
0.035671 255
0.000244 80
0.100762 161
0.000409 104
0.000099 80
0.501257 80
0.011923 182
0.000308 80
0.501668 80
0.501047 80
0.501158 80
0.502025 80
0.500562 80
0.501378 80
0.501335 80
0.500779 80
0.501608 80
0.500970 80
0.501411 80
0.500954 80
0.501538 80
0.501236 80
0.501312 80
0.100402 80
0.000151 189
0.000270 80
0.010979 80
0.000130 186
0.000249 80
0.093165 161
0.000149 96
0.000688 80
0.062397 80
0.000401 197
0.000502 80
0.500905 80
0.501469 80
0.501436 80
0.501361 80
0.236500 80
0.000149 178
0.000950 80
0.055820 181
0.000561 80
0.003631 176
0.000831 80
0.205749 80
0.000298 179
0.000448 80
0.039918 161
0.000148 97
0.000736 2
0.000229 80
0.011086 161
0.000105 100
0.000136 80
0.250079 80
0.000088 81
0.000148 101
0.000390 80
0.501619 80
0.406902 342
0.316164 343
0.246818 349
0.415964 351
0.057710 264
0.000244 80
0.146381 260
0.000227 80
0.501227 80
0.322635 265
0.000452 80
0.501051 80
0.501161 80
0.501071 80
0.500752 80
0.500685 80
0.501455 80
0.500907 80
0.501140 80
0.501288 80
0.501413 80
0.430452 267
0.000395 80
0.038286 262
0.000262 80
0.048116 161
0.000150 104
0.000168 80
0.310602 337
0.199401 80
0.001220 177
0.000349 80
0.501555 80
0.501212 80
0.342661 80
0.000084 179
0.000367 80
0.295274 346
0.106203 80
0.004811 267
0.030928 263
0.000261 80
0.065208 264
0.000347 80
0.103211 267
0.000296 80
0.048365 80
0.000824 182
0.000393 80
0.044304 335
0.005305 340
0.196580 344
0.047585 80
0.003888 81
0.000404 102
0.000367 80
0.011445 80
0.000376 262
0.031456 80
0.000388 81
0.000102 105
0.000062 2
0.001276 80
0.007223 80
0.000228 81
0.000183 105
0.000348 80
0.051634 80
0.000241 81
0.000168 110
0.000137 2
0.000312 80
0.214282 80
0.000585 262
0.501218 80
0.205374 340
0.002525 80
0.000236 81
0.000310 104
0.000237 80
0.006037 80
0.001572 81
0.000162 182
0.245423 80
0.000049 81
0.000072 101
0.000424 80
0.501778 80
0.500768 80
0.019101 341
0.501381 80
0.500758 80
0.022443 262
0.000573 80
0.144999 161
0.000086 102
0.000531 80
0.019466 161
0.000122 181
0.039205 161
0.000297 102
0.000439 80
0.366704 263
0.000642 80
0.003568 355
0.044065 344
0.005620 337
0.501150 80
0.095613 80
0.000149 81
0.000364 180
0.501024 80
0.501798 80
0.243661 266
0.000375 80
0.046425 80
0.000159 173
0.000371 80
0.310298 173
0.000312 80
0.103175 179
0.000501 80
0.196138 80
0.000342 183
0.000127 80
0.091627 161
0.000450 183
0.007732 356
0.002230 259
0.000295 80
0.501215 80
0.019428 343
0.137144 161
0.000222 108
0.000164 80
0.011352 351
0.047654 200
0.675345 40
0.093972 40
0.100186 40
0.097082 40
0.106456 40
0.096340 40
0.129495 40
0.095625 40
0.091312 43
0.020264 29
0.657273 23
0.010033 25
0.002668 26
0.003044 26
0.001663 26
0.003071 26
0.004011 26
0.003669 26
0.001399 413
0.004312 71
0.000738 73
0.053135 52
0.035953 93
0.008898 25
0.002158 26
0.003263 26
0.002432 26
0.002824 26
0.003508 26
0.003697 26
0.001578 260
0.000091 52
0.000224 101
0.004238 72
0.000319 54
0.086796 61
0.005937 69
0.010681 45
0.197808 59
0.006869 110
0.030017 58
0.006923 66
0.000564 42
0.029654 69
0.006516 71
0.000465 53
0.276408 53
0.007020 98
0.044863 67
0.006919 120
0.028953 66
0.006756 118
0.049674 55
0.005758 46
0.654338 44
0.116124 74
0.010257 25
0.002816 26
0.003437 26
0.001748 26
0.003781 26
0.003472 26
0.004133 26
0.000142 156
0.000063 78
0.000045 52
0.000042 53
0.000047 74
0.004542 57
0.000273 35
0.046453 43
0.043348 73
0.008873 25
0.003439 26
0.002698 26
0.001642 26
0.003828 26
0.003984 26
0.003896 26
0.000235 413
0.004491 59
0.014136 34
0.032230 61
0.006544 72
0.001630 53
0.051697 51
0.008463 111
0.097560 64
0.007549 92
0.000429 69
0.024437 63
0.006803 64
0.000480 45
0.036396 61
0.006844 63
0.000266 44
0.056386 57
0.006196 60
0.000384 41
0.035269 65
0.007461 66
0.055659 56
0.009125 59
0.000212 40
0.073595 66
0.007164 68
0.000289 49
0.032613 66
0.007993 68
0.000072 49
0.037720 54
0.008029 62
0.000281 37
0.043036 82
0.007112 93
0.000238 74
0.031484 65
0.006687 80
0.000059 57
0.025197 69
0.007678 80
0.000281 61
0.027963 62
0.006918 63
0.000448 44
0.026191 64
0.007212 75
0.000374 56
0.046772 82
0.006114 93
0.000308 74
0.040354 65
0.008593 80
0.000439 57
0.027958 55
0.007564 72
0.013993 47
0.035666 59
0.006547 68
0.063393 43
0.345104 57
0.007357 77
0.000343 50
0.046184 51
0.007180 71
0.000270 44
0.083153 74
0.000427 81
0.065578 56
0.049470 76
0.009155 25
0.002687 26
0.003773 26
0.001353 26
0.004039 26
0.003418 26
0.004586 26
0.000560 413
0.004539 65
0.000237 41
0.062766 65
0.006702 73
0.000176 49
0.043728 55
0.007410 63
0.000308 39
0.027946 60
0.006106 67
0.000222 43
0.030295 59
0.006295 66
0.000333 42
0.035114 61
0.006922 68
0.000228 44
0.043488 58
0.007786 65
0.000288 41
0.027657 62
0.007238 71
0.000052 45
0.028890 56
0.007352 110
0.029707 62
0.007001 74
0.000085 50
0.118467 59
0.006894 66
0.000368 42
0.044177 60
0.007207 120
0.037270 59
0.007744 66
0.000596 42
0.047357 51
0.007024 92
0.073205 58
0.007892 102
0.049792 58
0.007350 65
0.000451 39
0.072715 59
0.006681 62
0.000687 42
0.037097 63
0.007251 70
0.000153 46
0.030589 63
0.006804 112
0.024477 62
0.007598 116
0.049918 58
0.007215 63
0.000425 39
0.129793 51
0.007336 88
0.036522 61
0.009357 108
0.042249 66
0.007309 71
0.000612 47
0.060194 58
0.007658 68
0.000267 42
0.043049 62
0.007449 122
0.041238 63
0.007161 114
0.040759 55
0.007993 69
0.000437 41
0.027697 67
0.007594 122
0.195729 72
0.010017 76
0.000405 56
0.047110 54
0.007957 64
0.025493 38
0.106583 62
0.008252 67
0.000736 43
0.049389 68
0.007170 70
0.000369 50
0.026410 70
0.007317 72
0.000122 52
0.039104 71
0.006582 73
0.000372 53
0.024800 49
0.007614 94
0.054217 67
0.007147 69
0.000373 49
0.027209 67
0.007196 69
0.000310 49
0.030502 67
0.007111 69
0.000798 49
0.033228 65
0.007309 67
0.000445 47
0.030775 62
0.007942 64
0.000447 44
0.036520 62
0.007442 64
0.000370 44
0.030633 64
0.008421 110
0.023873 62
0.008091 110
0.043382 51
0.007743 60
0.012199 34
0.110534 56
0.007051 100
0.027735 49
0.007664 60
0.015796 34
0.085560 69
0.007988 71
0.000312 51
0.030199 56
0.007415 104
0.038501 60
0.007952 65
0.000502 41
0.064782 60
0.007089 69
0.011374 43
0.053248 58
0.008767 70
0.000495 46
0.029742 46
0.007677 54
0.000232 28
0.033716 48
0.007319 56
0.000412 30
0.033740 50
0.008310 62
0.000561 36
0.039840 60
0.007291 64
0.000621 40
0.025719 57
0.007436 67
0.000300 43
0.028243 56
0.007434 64
0.000126 38
0.077676 54
0.008531 61
0.000194 35
0.035450 49
0.007147 78
0.000352 52
0.034704 65
0.008863 77
0.000108 53
0.033247 51
0.007968 69
0.000367 43
1.554112 65
0.008209 77
0.000333 53
0.029399 67
0.007932 80
0.000459 54
0.038332 62
0.008420 87
0.000258 63
0.083560 65
0.008640 81
0.000501 55
0.290699 59
0.009606 65
0.000931 41
0.103400 58
0.008497 70
0.000136 44
0.079655 60
0.007836 67
0.000340 43
0.027675 57
0.007577 62
0.000325 38
0.045725 64
0.009500 76
0.000386 52
0.029089 58
0.007821 104
0.040053 60
0.007442 74
0.000410 50
0.050469 57
0.007966 64
0.000422 40
0.040324 67
0.007820 81
0.000312 57
0.585293 54
0.008856 62
0.000085 38
0.036037 57
0.009328 71
0.000175 47
0.040038 65
0.005233 72
0.000235 48
0.028298 66
0.009144 73
0.000267 49
0.030416 59
0.008138 77
0.000422 53
0.029700 65
0.008136 72
0.000437 48
0.030402 63
0.009216 116
0.044873 68
0.012110 73
0.000316 49
0.031251 65
0.009632 120
0.034086 66
0.008556 122
0.028825 59
0.008902 72
0.000347 48
0.030026 62
0.007807 75
0.000427 51
0.031896 67
0.008455 74
0.000552 50
0.026323 59
0.008596 66
0.000333 42
0.054865 64
0.010059 72
0.000191 48
0.028093 59
0.008303 66
0.000178 42
0.082093 66
0.008004 122
0.034255 58
0.009175 67
0.000461 41
0.061271 56
0.004964 68
0.000069 48
0.050131 60
0.009397 69
0.000627 43
0.049293 62
0.009627 124
0.033636 60
0.009564 110
0.032900 64
0.008319 74
0.000178 48
0.041975 58
0.008548 67
0.000248 41
0.031506 62
0.009467 116
0.034225 56
0.008500 61
0.000535 37
0.035830 64
0.008793 116
0.063695 61
0.008915 110
0.047270 56
0.008829 65
0.000290 39
0.032761 58
0.008453 65
0.000114 41
0.035961 60
0.008412 114
0.053346 61
0.009069 112
0.038762 59
0.009288 74
0.000543 50
0.747127 60
0.011941 75
0.000637 51
0.034589 66
0.009506 78
0.000153 54
0.026400 61
0.010186 67
0.000506 47
0.113067 58
0.009700 114
0.066183 56
0.008170 62
0.001261 38
0.027522 68
0.010232 138
0.037054 61
0.009168 74
0.029645 96
0.001230 50
0.053018 54
0.009162 118
0.060185 68
0.010315 80
0.000514 56
0.030247 64
0.008842 75
0.000201 49
0.027646 68
0.009518 122
0.026673 59
0.009526 71
0.000326 45
0.038590 63
0.010311 71
0.000287 45
0.041124 52
0.009723 112
0.071595 66
0.012508 78
0.000470 54
0.031127 74
0.008468 88
0.000370 62
0.028195 74
0.009347 85
0.000451 59
0.026320 61
0.009377 67
0.000343 43
0.037245 60
0.010912 71
0.000407 45
0.092068 63
0.009528 114
0.032233 55
0.008917 61
0.000348 37
0.043737 63
0.009167 74
0.000427 48
0.041053 58
0.009743 64
0.000494 40
0.055102 50
0.008809 62
0.000711 36
0.044373 64
0.010715 76
0.000133 52
0.379896 68
0.011098 80
0.000277 56
0.037175 70
0.008939 88
0.000406 64
0.057476 59
0.009785 71
0.000094 47
0.055713 56
0.010146 67
0.000215 43
0.061648 83
0.010094 92
0.000472 68
0.034902 65
0.010271 134
0.554703 58
0.012317 106
0.036132 52
0.010215 96
0.054347 58
0.010285 116
0.090249 54
0.011027 66
0.005782 40
1.124651 68
0.008949 80
0.000722 56
0.029073 58
0.009077 75
0.000687 47
0.034086 59
0.009184 71
0.000475 47
0.038797 53
0.009332 61
0.000714 35
0.045233 68
0.010535 81
0.000090 55
0.352146 82
0.009220 94
0.000529 70
0.032702 56
0.009416 62
0.000054 38
0.036601 67
0.009646 89
0.000089 63
0.346912 81
0.010913 93
0.017537 69
0.031241 69
0.012575 81
0.000423 57
0.029779 62
0.008843 65
0.000389 45
0.033725 49
0.009922 61
0.000201 35
0.061410 63
0.008981 126
0.026945 57
0.008936 69
0.000444 45
0.032931 54
0.009121 100
0.031860 55
0.009417 64
0.000432 38
0.071269 56
0.009399 66
0.010454 42
0.047710 54
0.009805 66
0.004535 40
0.090723 61
0.010457 67
0.000415 47
0.080217 65
0.015233 116
0.048109 62
0.010572 74
0.000158 48
0.095011 71
0.011642 75
0.000207 55
0.047523 65
0.013324 69
0.000248 49
0.054040 58
0.010389 112
0.055758 64
0.009111 118
0.810597 61
0.010735 71
0.000283 51
0.031444 60
0.010483 112
0.033915 65
0.010266 122
0.050402 58
0.009398 64
0.000276 42
0.044012 57
0.009358 63
0.000225 41
0.168101 60
0.009410 64
0.000271 44
0.057637 58
0.013418 71
0.000433 45
0.047724 69
0.009932 71
0.000474 51
0.029046 56
0.009855 108
0.032620 60
0.011176 114
0.029199 65
0.010514 71
0.000110 47
0.029825 61
0.010459 66
0.000534 46
0.045732 58
0.011796 59
0.000158 39
0.039645 53
0.013912 65
0.000289 39
0.056031 60
0.011305 68
0.000110 44
0.035448 61
0.010210 67
0.000216 43
0.032119 59
0.010040 66
0.000241 42
0.031267 66
0.009659 72
0.000161 48
0.027399 64
0.010468 116
0.044316 69
0.015953 78
0.000119 58
0.064774 60
0.009716 69
0.000262 43
0.070053 56
0.010402 65
0.030120 41
0.038230 58
0.014787 71
0.012493 45
0.037719 61
0.010162 70
0.000210 48
0.056070 62
0.012904 112
0.163190 63
0.009895 68
0.000216 46
0.098034 63
0.012606 67
0.000154 47
0.045047 57
0.009798 67
0.000228 41
0.036624 60
0.009429 68
0.000300 46
0.032946 62
0.009695 68
0.000573 48
0.091511 56
0.014739 110
0.030447 64
0.009461 79
0.000173 53
0.031019 55
0.009876 68
0.000170 44
0.034503 53
0.010994 64
0.000217 36
0.054365 56
0.010485 65
0.011094 39
0.127627 60
0.010001 70
0.000294 44
0.036111 47
0.009567 58
0.122520 32
0.080727 50
0.010607 90
0.057917 54
0.009773 102
0.063943 59
0.010397 67
0.000141 43
0.032824 61
0.009317 68
0.000585 44
0.036634 66
0.011818 80
0.000053 54
0.039927 57
0.012799 64
0.030688 38
0.093339 60
0.010109 68
0.000679 48
0.043837 63
0.010113 73
0.000127 49
0.034709 58
0.009511 75
0.021637 49
0.069473 46
0.000535 58
0.054857 80
0.043510 51
0.531967 44
0.002346 50
0.001438 39
0.000209 45
0.000521 51
1.424279 55
0.000233 43
0.784624 99
0.000263 40
0.379009 47
0.537441 33
0.507816 36
0.002743 33
0.012299 38
0.000274 53
0.001077 54
0.355905 49
0.000429 43
1.274458 50
0.039171 48
0.000362 49
0.000359 48
0.000430 46
0.000420 44
0.399183 45
0.000438 45
0.589507 42
0.000888 50
0.000232 47
0.000254 54
0.000599 48
0.000479 51
0.000394 41
0.000652 38
0.000359 42
0.029487 107
0.001073 50
0.420701 43
0.000440 38
0.470815 46
0.000377 40
0.358732 90
0.365862 44
0.000337 46
0.000769 39
0.000189 43
0.000381 45
0.001009 41
0.000171 47
0.000455 52
0.000839 54
0.099768 42
0.000541 57
0.001211 50
0.472768 45
0.002642 41
0.366341 38
0.149455 39
0.558413 50
0.000493 50
0.000509 42
0.603271 50
0.000624 35
0.379904 25
0.037919 8
0.084980 57
0.043661 97
0.164647 47
0.016047 4
0.069225 43
0.001514 56
0.001362 64
0.001107 46
0.346253 37
0.000489 50
0.000458 45
0.000423 47
0.497300 49
0.339199 60
0.233325 48
0.130793 43
1.193754 4
0.005534 54
0.001094 46
0.000978 40
0.000748 42
0.444761 70
0.000386 43
0.410332 50
0.000566 49
0.000536 49
0.000790 48
0.024156 45
0.000366 50
0.000574 47
0.000456 56
0.000499 44
0.120880 43
0.018132 4
0.002131 87
0.001196 41
0.483395 63
0.248774 48
0.119385 43
2.345461 4
0.008172 58
0.001586 42
0.000616 35
0.001043 45
0.017612 47
0.000710 49
0.000524 48
0.000584 37
0.000359 41
0.000524 40
0.381876 47
0.000767 39
0.016679 43
0.002327 47
11.221037 65
0.000193 46
0.000572 44
0.000167 48
0.000600 39
0.204743 50
0.217962 5
0.025035 49
0.365564 13
0.541858 6
0.007019 4
0.000757 40
0.072508 37
0.003122 29
0.003507 47
0.004444 42
0.000044 42
0.383264 52
0.001495 47
0.002052 43
0.237285 50
0.004149 54
0.000712 50
0.001433 43
0.000383 53
0.345055 42
0.000438 59
0.000396 42
0.000296 39
0.376601 46
0.000874 45
0.294640 48
0.002940 54
0.002220 45
0.000724 49
0.000659 59
0.059191 45
0.364253 44
0.413937 53
0.001250 44
0.001283 55
0.281892 37
0.122490 43
2.389098 4
0.005252 56
0.001525 44
0.270942 108
0.044582 52
0.076343 308
0.000761 46
0.541241 40
0.002647 46
0.013293 103
0.001383 44
0.001075 36
0.000610 48
0.000628 52
0.006274 45
0.000401 51
0.000832 48
0.000598 52
0.000725 44
0.430082 42
0.329099 44
0.298481 42
0.342699 31
0.000744 39
0.422723 57
0.510610 36
0.002213 46
0.001229 38
1.742857 43
0.521401 94
0.006142 46
0.000390 39
0.453551 45
0.000923 42
0.001363 45
0.001151 48
0.012509 105
0.436039 53
0.126268 45
0.015797 8
0.102313 27
0.013803 84
0.096277 25
0.017624 84
0.096669 47
0.000530 61
0.014364 84
0.087286 47
0.000251 80
0.000579 33
0.000213 30
0.018444 84
0.101501 50
0.000076 31
0.000136 33
0.012646 84
0.098034 51
0.000606 31
0.000326 34
0.014144 84
0.101550 27
0.016817 84
0.094727 45
0.000668 32
0.000396 33
0.099848 27
0.015529 84
0.101971 43
0.000705 73
0.000415 111
0.016492 130
0.014454 84
0.087580 24
0.012964 84
0.092725 30
0.015450 84
0.119420 112
0.100192 31
0.013677 83
0.055770 43
2.516275 4
0.001966 44
0.558775 47
0.001075 50
0.018919 58
0.001027 51
0.770187 85
0.413646 117
0.618415 60
0.006650 14
0.055580 47
0.000902 45
0.000361 47
0.000480 44
0.384592 52
0.000288 69
0.000522 54
0.047458 55
0.387655 92
0.131372 47
0.004804 39
0.008525 8
0.159070 60
0.008426 14
0.062655 35
0.001858 16
0.005966 4
0.009815 35
0.034654 4
0.008850 49
0.000426 93
0.515567 46
0.000455 46
0.000554 41
0.414236 50
0.357409 47
0.033037 64
0.396714 41
1.185286 56
1.338987 49
0.347125 49
0.352647 57
0.012066 57
0.169479 50
0.338157 45
0.358697 49
0.000549 37
0.006450 95
0.005135 98
0.004145 110
0.004526 110
0.004194 107
0.004946 107
0.004495 100
0.009427 43
0.000494 52
0.000691 36
0.000782 51
0.000218 71
0.173046 49
0.332024 50
0.324513 47
0.345526 70
0.423064 49
0.360074 35
0.025331 52
0.337471 51
0.341314 50
0.368754 51
1.590772 52
0.589046 48
0.162964 42
0.316708 4
1.194347 55
2.477625 85
0.422829 43
2.505658 4
0.064907 55
0.014976 38
0.018417 75
0.003148 58
0.005610 62
0.001722 40
0.406795 40
0.001648 75
0.003861 35
0.414193 40
0.002236 42
0.002591 58
0.006414 43
0.002671 48
0.061919 33
0.002831 54
0.027765 86
0.005169 44
0.307651 51
0.035649 4
1.165606 48
0.001656 39
0.059628 38
0.003579 140
0.004139 62
0.005232 140
0.031621 46
0.002983 44
0.002611 45
0.002249 54
0.099210 48
0.017506 59
0.067668 35
0.032318 4
0.012043 35
0.037256 4
0.003045 47
0.292776 29
0.023570 64
0.015327 64
0.062866 66
0.397133 101
0.001422 37
0.749197 54
0.002681 85
0.004484 70
0.058870 47
0.001581 90
0.003280 42
0.002901 12
0.025626 201
0.033294 13
0.408900 188
0.190041 47
0.017267 185
0.435018 47
0.181712 80
0.004895 80
0.211112 340
0.352538 126
0.061275 152
0.000280 80
0.045136 150
0.000080 170
0.000348 80
0.036463 128
0.112796 222
0.220950 147
0.027651 167
0.000332 78
0.501341 78
0.166000 126
0.500747 49
0.025755 63
0.185512 135
0.001141 41
0.500365 81
0.501220 41
0.501311 42
0.501205 42
0.501587 80
0.501087 80
0.501402 80
0.501317 80
0.501441 80
0.501220 80
0.501324 80
0.501412 80
0.501404 80
0.100233 161
0.000152 35
0.674874 29
0.229665 23
0.011046 25
0.003425 26
0.003234 26
0.003310 26
0.003148 26
0.004401 26
0.005929 26
0.005191 26
0.000919 52
0.000065 78
0.000055 52
0.000138 52
0.000130 153
0.005941 66
0.000704 70
0.057777 61
0.010918 70
0.000417 46
0.031367 61
0.009891 66
0.114132 46
0.038956 60
0.009207 62
0.000556 44
0.053894 64
0.009456 83
0.000390 59
0.196839 57
0.009520 76
0.005014 52
0.684322 51
0.009269 62
0.012186 38
0.128683 49
0.000577 47
0.000927 47
0.000499 45
0.000890 48
0.020848 64
0.466790 79
0.001050 38
0.067550 47
1.254550 60
1.643023 139
0.015645 39
0.520555 64
0.186487 93
0.523077 53
0.825903 46
0.026766 101
0.048702 371
0.000175 106
0.000127 43
0.031497 43
0.046339 99
0.648950 34
0.296231 50
1.264281 30
0.030617 5
0.000326 153
0.307124 194
0.222085 157
0.413233 39
0.007839 5
2.438149 4
0.384295 53
0.003471 45
0.008114 7
19.613454 24
0.530621 29
0.099445 36
0.035930 41
1.249412 3
0.004151 63
3.001550 27
