0.010584 17
0.004572 27
0.282278 11
0.008194 14
0.005012 38
0.000556 69
0.313655 29
0.145479 64
0.039699 64
0.234016 66
0.900453 33
0.721751 101
0.010381 37
0.275546 58
0.000032 57
0.000018 2
0.000050 52
0.000039 2
0.000082 52
0.000043 2
1.654032 81
0.002325 80
0.000605 79
0.000381 78
0.000544 70
0.001707 74
0.002086 139
0.002672 85
0.203904 67
0.029663 42
0.000286 29
0.700635 126
0.014186 111
0.030931 49
0.002225 113
0.052175 12
0.134476 40
0.047063 39
0.000591 59
0.006120 48
0.012109 14
0.003537 53
0.003666 62
0.005630 7
0.004849 12
0.002867 17
0.007058 17
0.016833 292
0.194681 40
0.049718 26
0.016202 24
0.178586 25
0.026480 25
0.173581 51
0.311346 47
0.567740 70
0.168012 37
0.014232 37
0.039625 48
0.015445 48
0.058650 34
0.015701 34
0.058689 36
0.083143 36
0.110371 39
0.021891 39
0.064309 37
0.011681 37
0.055682 49
0.022076 49
0.064957 42
0.025745 42
0.070135 33
0.016775 33
0.055681 40
0.017266 40
0.053127 35
0.013614 35
0.054049 32
0.015448 32
0.059793 35
0.024282 35
0.073661 28
0.070102 28
0.097240 37
0.016692 37
0.062427 43
0.020682 43
0.063911 37
0.014004 37
0.046173 36
0.009513 36
0.046823 36
0.015727 36
0.063085 34
0.016670 34
0.060556 31
0.014498 31
0.059382 45
0.012954 45
0.058459 34
0.034451 34
0.082983 39
0.016132 39
0.053881 36
0.015054 36
0.057033 46
0.018230 46
0.067505 41
0.038535 41
0.085044 30
0.019438 30
0.061229 41
0.016607 41
0.051895 40
0.016664 40
0.042740 31
0.017372 31
0.060431 40
0.016276 40
0.053375 37
0.016848 37
0.048995 33
0.024020 33
0.074057 51
0.017215 51
0.069061 47
0.017372 47
0.062935 37
0.036894 37
0.069473 34
0.020686 34
0.061861 36
0.013828 36
0.066278 41
0.019623 41
0.051153 42
0.016700 42
0.059373 42
0.015057 42
0.055058 46
0.013862 46
0.051681 38
0.014337 38
0.059746 31
0.014499 31
0.055369 51
0.016638 51
0.060277 32
0.017044 32
0.057456 44
0.011506 44
0.057968 32
0.059088 32
0.096691 48
0.013194 48
0.057166 50
0.018621 50
0.059187 35
0.017745 35
0.052921 50
0.014103 50
0.052718 32
0.015712 32
0.059068 46
0.017790 46
0.056176 43
0.040973 43
0.084680 35
0.017945 35
0.069070 40
0.025111 40
0.076318 36
0.020682 36
0.060696 45
0.016467 45
0.052052 40
0.015855 40
0.060932 37
0.035237 37
0.077507 29
0.027816 29
0.074765 35
0.014977 35
0.056743 34
0.018512 34
0.059098 45
0.015912 45
0.056522 48
0.014717 48
0.057299 38
0.013865 38
0.052547 43
0.013444 43
0.055472 43
0.014826 43
0.058391 37
0.017216 37
0.062843 42
0.017084 42
0.060841 33
0.020399 33
0.066732 43
0.027292 43
0.076193 40
0.019291 40
0.061591 35
0.020027 35
0.071685 54
0.016467 54
0.059205 42
0.014736 42
0.061229 47
0.017793 47
0.064083 39
0.014277 39
0.052199 34
0.007558 34
0.047507 32
0.018029 32
0.064877 39
0.016654 39
0.056937 39
0.016088 39
0.051743 53
0.016368 53
0.061537 50
0.016091 50
0.062507 47
0.016268 47
0.063440 54
0.015040 54
0.057312 38
0.015673 38
0.058407 27
0.014090 27
0.053817 41
0.016259 41
0.055110 42
0.013763 42
0.060691 36
0.016200 36
0.058048 39
0.017206 39
0.056607 48
0.019737 48
0.079926 31
0.018862 31
0.057413 34
0.017939 34
0.064399 32
0.018365 32
0.051179 41
0.015939 41
0.056027 43
0.016406 43
0.059570 48
0.016328 48
0.030605 44
0.014074 44
0.063710 35
0.018058 35
0.057621 36
0.018377 36
0.056957 32
0.017947 32
0.057549 37
0.013146 37
0.058472 35
0.017462 35
0.051909 38
0.022418 38
0.061796 44
0.023371 44
0.060564 39
0.015854 39
0.068337 36
0.017216 36
0.058539 36
0.019333 36
0.059615 39
0.027945 39
0.081029 38
0.058870 38
0.115723 50
0.016639 50
0.064904 37
0.012828 37
0.051195 29
0.017561 29
0.059079 35
0.026324 35
0.082121 26
0.016812 26
0.045687 29
0.011067 29
0.051413 33
0.021804 33
0.066291 33
0.014798 33
0.055261 37
0.016695 37
0.061183 40
0.014163 40
0.055761 36
0.019398 36
0.072236 44
0.013154 44
0.056838 54
0.012834 54
0.057019 55
0.022664 55
0.068950 57
0.017670 57
0.052948 54
0.014043 54
0.062659 46
0.016077 46
0.065570 46
0.019101 46
0.064313 33
0.008951 33
0.052329 29
0.010861 29
0.054805 25
0.012505 25
0.064375 26
0.020457 26
0.068144 39
0.016484 39
0.063637 34
0.011430 34
0.059358 38
0.017648 38
0.053255 42
0.016204 42
0.055891 35
0.011875 35
0.053355 36
0.016905 36
0.059596 32
0.016441 32
0.063207 36
0.017212 36
0.054256 32
0.031087 32
0.073926 31
0.029591 31
0.070271 29
0.016460 29
0.054438 28
0.024845 28
0.061395 43
0.015218 43
0.058596 45
0.017079 45
0.065248 36
0.018254 36
0.060120 42
0.014044 42
0.058286 40
0.013388 40
0.062134 37
0.012085 37
0.054534 31
0.012209 31
0.058886 44
0.017030 44
0.056664 32
0.013119 32
0.059731 38
0.017972 38
0.054524 33
0.017089 33
0.057719 47
0.023549 47
0.074549 36
0.015471 36
0.055972 32
0.020667 32
0.062672 38
0.020198 38
0.075813 36
0.023498 36
0.073834 34
0.031962 34
0.076016 40
0.012627 40
0.054410 45
0.019887 45
0.059557 43
0.017008 43
0.066305 38
0.092904 38
0.142472 31
0.011048 31
0.055667 34
0.022908 34
0.064364 49
0.020113 49
0.059414 39
0.023639 39
0.068118 47
0.019528 45
0.000173 2
0.060625 33
0.015846 33
0.056745 40
0.013548 40
0.067440 36
0.015239 36
0.059548 41
0.016143 41
0.056067 42
0.014373 42
0.050783 42
0.029660 42
0.078986 52
0.014647 52
0.061912 47
0.018553 47
0.051594 38
0.024123 38
0.076754 46
0.106027 46
0.131387 38
0.034823 38
0.084831 49
0.141444 31
0.029973 36
0.021779 26
0.020834 24
0.125139 29
0.022080 27
0.038923 27
0.052337 30
0.030128 25
0.031409 27
0.017443 26
0.021034 22
0.091854 23
0.092256 28
0.042956 29
0.024649 33
0.020308 30
0.031002 23
0.032656 30
0.029379 23
0.157327 34
0.016089 28
0.026238 28
0.214553 26
0.043149 27
0.031414 37
0.022951 28
0.031051 32
0.034249 31
0.029250 27
0.111042 37
0.032085 33
0.051804 25
0.121389 27
0.023872 27
0.025497 28
0.041432 28
0.040000 32
0.037496 24
0.036111 27
0.018622 33
0.025083 26
0.017251 26
0.030365 28
0.314095 30
0.025024 32
0.034920 23
0.015187 22
0.043139 41
0.019615 27
0.024521 25
0.212113 28
0.044204 28
0.073807 29
0.129707 33
0.406933 36
0.019703 30
0.017801 29
0.016646 37
0.013821 41
0.010215 40
0.013071 31
0.067544 28
0.049234 27
0.035825 25
0.026844 28
0.114478 28
0.066676 31
0.028264 27
0.057088 23
0.051723 23
0.028943 27
0.015056 23
0.020900 31
0.027631 30
0.046865 24
0.556209 32
21.696404 35
0.446754 35
1.231963 35
2.431953 30
2.979132 28
6.930787 33
2.032916 31
1.253285 31
0.713646 34
0.166243 29
0.320450 31
0.223531 30
0.142818 21
1.090667 22
1.401687 32
0.368887 28
0.213809 32
0.155491 29
0.255628 22
0.291245 34
0.210971 22
1.412709 33
0.338772 32
0.464420 27
2.022758 25
0.290666 31
0.351413 36
0.137384 32
0.180835 36
0.163836 35
0.261789 31
0.504982 36
0.426076 37
0.671080 24
1.153597 26
0.229001 31
0.195632 32
0.191340 32
0.263959 36
0.165913 23
0.484011 26
0.189313 32
0.159294 25
0.273981 25
0.173291 27
3.376211 29
0.353183 31
0.153663 22
0.113929 21
0.245740 40
0.145120 26
0.665888 24
5.311013 32
1.368675 32
0.808419 28
0.754380 32
0.470247 40
0.302495 29
0.178559 33
0.140238 36
0.135193 40
0.124766 39
0.121806 30
0.500678 27
0.635211 31
0.187172 29
0.150130 27
0.535280 27
0.916677 35
0.352024 26
0.544904 22
0.808308 22
0.383397 26
0.162829 22
0.157589 30
0.176831 29
0.468667 23
0.846641 37
0.123133 37
0.046341 28
0.036301 34
0.052331 32
0.046046 38
0.032427 37
0.046528 35
0.054702 30
0.469233 28
0.099482 28
0.034059 34
0.032555 29
0.054963 27
0.038814 29
0.040011 38
0.065107 31
0.041455 28
0.033291 37
0.032972 24
0.044020 28
0.032964 33
0.050848 35
0.117336 30
0.054863 42
0.054810 36
0.057180 35
0.065021 34
0.058909 34
0.055356 32
0.052747 38
0.053039 34
0.056626 34
0.062667 33
0.059223 31
0.061092 33
0.068438 31
0.417408 33
0.062831 33
0.152188 31
0.060067 37
0.063052 32
0.059965 31
0.031238 36
0.070641 29
0.044169 23
0.095354 24
0.053803 23
0.033966 29
0.039503 24
0.079204 27
0.415570 26
0.671253 24
0.039420 24
0.860455 38
0.036843 27
0.144812 42
0.041545 42
0.034298 33
0.566626 38
0.081619 24
0.190965 41
0.127569 39
0.093784 34
0.630248 32
0.128964 26
0.422186 25
0.075087 33
0.292779 34
0.062461 34
0.072268 25
0.041012 34
0.413332 31
1.755743 30
0.200467 29
0.036428 33
0.463921 24
0.021507 28
0.253956 33
0.486224 31
0.291166 33
0.133174 35
0.325627 34
0.178493 25
1.918737 37
0.343621 30
0.451202 35
1.025620 34
2.555178 33
0.927456 37
2.075919 22
1.354878 40
0.850626 35
0.315235 23
1.442316 21
1.401658 31
0.230401 26
0.332860 25
0.242024 30
0.455120 37
0.597105 27
0.534866 47
0.153605 41
0.261975 30
0.150331 35
0.154009 38
0.164953 35
0.172899 32
0.314093 39
0.201291 22
0.210752 25
0.129507 33
0.175390 34
0.171808 34
0.159456 33
0.158625 40
0.378811 30
0.157453 30
0.254589 23
0.140014 22
0.287545 27
0.324784 32
0.621931 22
0.175729 25
9.109850 42
0.253827 30
0.144378 28
1.280377 26
1.137085 26
0.370305 36
0.131889 30
0.155994 26
0.622164 30
0.339112 33
0.185742 34
0.411085 36
0.156218 33
0.128708 33
0.221181 33
0.261936 33
0.143988 31
0.169693 22
0.175472 22
0.189195 31
0.179314 26
0.140361 31
0.168857 41
0.134397 34
0.133435 35
0.123500 31
0.163575 27
0.176271 24
0.457209 26
0.491870 22
1.410444 27
0.807425 36
1.370773 34
1.209715 26
0.333518 30
0.142618 41
0.122484 24
0.148713 31
0.246727 31
0.360352 32
0.563271 33
0.425195 24
0.334684 25
0.576503 22
1.415539 28
0.540463 28
0.211398 26
0.445362 31
3.298771 30
0.209821 22
0.802499 26
0.577229 25
1.175722 33
0.642274 30
0.200986 32
0.177555 34
0.259459 39
0.113118 35
0.142095 31
0.664727 37
0.181772 32
0.332792 22
0.473118 29
5.708046 21
0.459470 35
0.137287 35
0.033995 33
0.069479 28
0.030339 33
0.056648 32
0.052653 24
0.093262 33
0.055985 28
0.060112 24
0.283434 36
0.518298 24
0.048992 37
0.057383 29
0.028533 37
0.060177 32
0.051112 24
0.028719 32
0.054343 43
0.055801 38
0.048002 35
0.051629 37
0.128999 28
0.033987 32
0.054528 33
0.053551 35
0.053411 25
0.060464 34
0.188425 26
0.185035 24
0.070804 33
0.057336 35
0.083926 39
0.046611 28
0.035122 33
0.000143 2
0.072734 28
0.172828 42
0.049848 27
0.051040 30
0.034817 32
0.062065 38
0.061675 31
0.336646 35
0.065437 32
0.060509 37
0.068197 36
0.094495 32
0.110103 36
0.063010 29
0.049396 27
0.473639 35
11.863851 24
0.769513 32
0.156476 39
0.066142 37
0.077722 27
2.738352 30
0.254877 29
0.034820 33
0.100086 36
0.066728 37
0.065546 35
0.064935 33
0.077782 33
0.106405 27
0.050068 33
0.074889 28
0.330370 24
0.147308 36
0.325939 28
0.585158 34
0.047338 38
0.080193 43
0.068004 23
0.220775 30
0.042052 36
0.074857 28
0.040909 25
0.045028 32
0.063167 49
0.067854 41
0.058197 24
0.036263 36
0.077345 40
0.195174 24
0.731767 28
0.058253 39
0.061348 36
0.065808 42
0.079143 24
0.094552 23
0.274851 26
20.301624 43
1.653604 27
0.605577 37
0.058210 26
0.038025 29
0.091886 33
0.043749 35
0.182635 44
0.057168 34
0.056752 32
0.043763 35
0.077035 35
0.287768 41
0.085984 34
0.268061 39
0.100118 34
3.970805 27
0.505230 32
0.034354 28
0.077569 35
2.787537 40
5.532547 39
0.023617 38
0.004804 34
0.679559 12
0.007583 12
0.005729 54
0.002678 97
0.229710 116
0.012969 360
0.032853 57
0.763162 137
0.047414 12
0.133037 40
0.093290 56
0.000235 48
0.000116 2
0.000101 80
0.006124 177
0.003319 52
0.353910 7
0.003937 26
0.145021 62
0.294333 61
0.309720 63
0.133020 71
17.738952 74
0.154653 75
0.054115 70
0.000057 2
14.756163 70
20.772409 73
0.210721 75
0.187424 72
14.816786 73
22.917003 76
0.153180 77
0.102819 74
21.398518 40
0.027218 24
24.671689 2
0.014847 7
0.003915 37
0.007976 24
0.020606 2
0.027178 27
0.804523 2
0.857471 323
0.004852 114
0.009180 251
0.010124 116
0.028783 67
0.121868 104
0.287213 86
1.128166 87
0.285377 85
1.050970 87
0.577468 88
0.054044 89
0.157005 89
0.225579 92
0.066320 90
0.282246 97
0.210561 93
0.155724 90
0.114928 91
0.093933 94
0.292667 98
0.063639 93
0.193872 90
0.063482 100
0.455075 92
0.055466 94
0.091075 89
0.145403 94
0.424766 84
0.508737 96
0.016750 35
0.762928 29
0.627902 23
0.007807 155
0.000228 78
0.000055 104
0.002112 26
0.002033 26
0.001551 26
0.001785 26
0.001630 26
0.001366 26
0.003146 101
0.001467 54
0.040870 56
4.807604 53
0.005504 56
0.010434 36
0.853010 53
0.771000 59
9.772644 49
1.311250 56
0.125881 38
0.020351 80
0.000153 2
0.658227 56
0.470252 23
0.005249 337
0.002429 26
0.002290 26
0.001809 26
0.001394 26
0.001131 26
0.001393 26
0.003232 101
0.001145 56
0.034625 57
0.786283 49
0.692851 36
0.104895 50
0.166356 80
0.005178 285
0.000054 52
0.002858 26
0.002182 26
0.001652 26
0.001554 26
0.001182 26
0.001281 26
0.003294 101
0.001882 56
0.043327 40
0.186554 49
0.217971 41
0.045479 49
0.193483 82
0.008995 337
0.002138 26
0.002216 26
0.001424 26
0.001258 26
0.001129 26
0.001565 26
0.003052 101
0.001470 58
0.008933 42
0.219775 41
0.000097 2
0.185708 23
0.003615 363
0.002686 26
0.002107 26
0.002483 26
0.001930 26
0.000827 26
0.003757 101
0.001062 58
0.051618 58
0.564395 49
0.119064 41
0.000057 2
0.046808 47
0.000079 2
0.181687 85
0.007525 363
0.002912 26
0.001589 26
0.001867 26
0.001676 26
0.001199 26
0.003143 101
0.001423 60
0.022541 44
0.185567 49
0.120887 45
0.054154 49
0.266949 83
0.006379 363
0.003574 26
0.001574 26
0.001607 26
0.001972 26
0.001730 26
0.003033 101
0.001238 59
0.023590 43
0.390643 49
0.190851 44
0.050946 49
0.327584 83
0.005936 155
0.000091 182
0.000091 26
0.003813 26
0.002920 26
0.002013 26
0.001824 26
0.001335 26
0.003238 101
0.001476 65
0.025305 47
0.000137 2
0.347281 49
0.218496 50
0.046090 49
0.228071 80
0.006364 311
0.000179 52
0.003058 26
0.001726 26
0.002375 26
0.001509 26
0.001551 26
0.003330 99
0.000111 2
0.001527 61
0.019764 43
0.000104 2
0.246395 49
0.226433 46
0.050685 49
0.266896 82
0.005717 363
0.003063 26
0.002133 26
0.002703 26
0.001361 26
0.001443 26
0.003115 101
0.001636 58
0.022069 42
0.203427 49
0.137365 41
0.000057 2
0.050275 47
0.000062 2
0.238923 83
0.004623 311
0.000234 52
0.002686 26
0.001948 26
0.003142 26
0.001932 26
0.001655 26
0.003140 101
0.001416 59
0.024264 43
0.109597 49
0.122435 44
0.048120 49
0.177241 62
0.000042 23
0.005842 363
0.003428 26
0.001537 26
0.002362 26
0.001494 26
0.001595 26
0.003431 101
0.001811 62
0.019781 46
0.441486 49
0.186177 47
0.046918 49
0.243066 81
0.004898 363
0.003909 26
0.002598 26
0.003141 26
0.001254 26
0.001624 26
0.003248 101
0.001210 65
0.027443 49
0.217960 49
0.297550 50
0.051597 49
0.268031 23
0.006503 207
0.000554 156
0.003964 26
0.002943 26
0.002021 26
0.001003 26
0.001942 26
0.003299 101
0.001213 61
0.110065 61
0.692063 49
0.152163 46
0.055644 49
0.261791 23
0.005270 363
0.004103 26
0.002008 26
0.001904 26
0.001162 26
0.001551 26
0.003174 101
0.001390 57
0.046286 61
0.318562 49
0.207877 42
0.046698 49
0.583070 83
0.005934 363
0.003310 26
0.001813 26
0.002220 26
0.001127 26
0.001620 26
0.003186 101
0.001175 67
0.020157 51
0.937345 47
0.000109 2
0.209308 52
0.128250 49
0.219877 83
0.006771 233
0.000065 130
0.002791 26
0.002104 26
0.002310 26
0.001788 26
0.001540 26
0.003046 101
0.001602 59
0.023409 43
0.201026 49
0.210226 42
0.000059 2
0.055499 49
0.548853 86
0.006058 363
0.003612 26
0.002282 26
0.001542 26
0.001641 26
0.001457 26
0.002784 101
0.001812 62
0.024029 44
0.000112 2
0.578109 57
0.030880 53
0.797369 60
0.144120 47
3.046252 62
0.003987 61
0.011245 45
0.732715 49
0.090174 49
2.455457 46
0.054060 49
0.246571 84
0.006199 129
0.000466 234
0.005154 26
0.002546 26
0.002766 26
0.002003 26
0.002890 26
0.003195 101
0.001724 63
0.013202 43
0.200994 37
0.031636 35
0.011408 62
2.700543 50
0.032328 23
0.232647 47
0.047556 31
0.011933 77
0.022762 84
0.160840 22
0.698309 53
0.200849 37
0.538356 44
0.221620 49
6.465263 70
0.047109 24
14.409033 2
0.083700 27
0.682531 30
0.000532 2
0.949761 54
0.000503 69
0.000604 71
0.001262 80
0.001844 79
0.004493 188
0.214603 41
0.003623 81
0.002322 72
0.002221 24
0.002447 42
0.000437 79
0.001918 72
0.002005 55
0.006554 165
0.021926 171
0.345162 112
0.177869 92
0.389213 96
0.000312 2
0.047836 90
0.515525 104
0.010409 103
0.016469 102
0.079867 101
0.008193 101
0.451135 94
0.008035 96
1.110814 94
0.084006 102
0.000894 117
0.239680 113
0.042929 108
0.260394 113
0.087668 111
0.359821 109
0.537377 115
0.041372 91
2.619643 109
0.714096 108
0.260239 106
0.326161 103
0.237366 105
0.039074 101
0.444209 92
0.522175 35
1.371620 23
0.006396 363
0.003359 26
0.001457 26
0.002235 26
0.001381 26
0.002217 26
0.003080 101
0.001454 56
0.036060 49
3.410635 36
0.151215 23
0.006693 363
0.003483 26
0.002294 26
0.002320 26
0.002074 26
0.001348 26
0.003806 101
0.001208 67
0.037965 71
0.246320 60
0.005969 68
0.089364 52
0.191489 53
0.127872 23
0.007449 363
0.003442 26
0.001604 26
0.001735 26
0.001314 26
0.001761 26
0.003486 101
0.001261 65
0.034498 69
0.164835 59
0.003026 67
0.011796 51
0.394862 52
0.164285 23
0.007991 103
0.000386 260
0.004207 26
0.001660 26
0.002031 26
0.000970 26
0.001653 26
0.003546 101
0.002256 66
0.040333 65
0.846192 46
0.107877 61
0.256090 23
0.006088 363
0.003222 26
0.002500 26
0.002094 26
0.001649 26
0.001707 26
0.003329 101
0.001847 77
0.034820 85
0.377242 60
0.000107 2
0.260707 82
0.006563 259
0.000151 104
0.003462 26
0.001576 26
0.001685 26
0.001559 26
0.002580 26
0.002334 101
0.001939 58
0.010161 42
0.132663 43
0.156799 23
0.007070 311
0.000069 52
0.003105 26
0.002012 26
0.000888 26
0.001414 26
0.001768 26
0.003154 101
0.001512 60
0.032732 57
0.218497 45
0.154595 23
0.003602 51
0.000093 312
0.003424 26
0.002365 26
0.001469 26
0.001691 26
0.001637 26
0.003567 101
0.001148 64
0.573239 62
0.060734 81
0.175047 49
0.005283 53
0.344908 32
1.131066 68
0.031584 71
0.113996 58
0.005583 57
0.010749 41
0.184877 42
0.166151 23
0.007199 363
0.004254 26
0.001649 26
0.001684 26
0.001073 26
0.002170 26
0.002952 101
0.001341 81
0.034756 89
0.342327 66
0.156527 81
0.006965 233
0.000202 130
0.002729 26
0.001730 26
0.001789 26
0.001054 26
0.002253 26
0.003340 101
0.001363 72
0.010474 56
0.186289 57
0.159659 23
0.008790 363
0.002521 26
0.001894 26
0.001596 26
0.001106 26
0.002136 26
0.002953 101
0.001640 77
0.031271 85
0.480148 62
0.178595 84
0.004013 363
0.003215 26
0.001999 26
0.001346 26
0.001872 26
0.002188 26
0.003488 101
0.001559 75
0.011132 59
0.369464 60
0.163886 23
0.005821 363
0.003811 26
0.002512 26
0.001321 26
0.001532 26
0.001993 26
0.003016 101
0.001432 77
0.039773 85
0.306412 62
0.254795 23
0.006309 181
0.000169 182
0.003529 26
0.002858 26
0.001789 26
0.001081 26
0.001980 26
0.003220 101
0.001762 73
0.045425 76
0.282660 69
0.045283 76
0.005763 72
0.261434 78
0.037397 81
0.101794 60
1.476151 49
0.003483 73
0.110199 52
0.284613 53
0.158476 23
0.005870 363
0.003920 26
0.002111 26
0.001772 26
0.001600 26
0.002135 26
0.003402 101
0.001782 57
0.041962 56
1.979182 33
0.000100 2
0.011489 58
0.000132 2
0.013339 59
0.000348 2
0.012884 57
0.000134 2
0.236235 23
0.007491 363
0.002761 26
0.001681 26
0.001446 26
0.001475 26
0.001774 26
0.003382 101
0.000972 71
0.035023 73
0.010304 68
0.185970 52
0.166131 23
0.007310 363
0.004573 26
0.002073 26
0.001458 26
0.001356 26
0.002103 26
0.002940 101
0.001556 66
0.189853 73
0.312006 58
0.093416 67
0.097283 133
0.098137 49
0.037023 53
0.036488 46
0.034725 68
0.012240 67
0.016485 69
0.033898 66
0.000075 2
0.023696 68
0.021994 68
0.067854 66
0.029695 63
0.012842 65
0.014623 69
0.013132 67
0.051035 61
0.012678 63
0.011096 74
2.184538 50
0.109935 23
0.007515 181
0.000133 156
0.000611 26
0.005614 26
0.002262 26
0.001334 26
0.002031 26
0.001998 26
0.003186 101
0.001048 47
0.105986 133
0.002529 37
0.096703 52
0.187778 82
0.005719 181
0.000131 182
0.003882 26
0.002050 26
0.002372 26
0.001842 26
0.002544 26
0.002400 101
0.001398 66
0.010721 50
0.174842 56
0.039583 63
1.198601 69
0.031891 79
0.398774 51
0.134080 33
1.401768 60
0.177251 36
0.137005 50
0.043621 51
0.084431 49
0.057050 42
0.037150 50
0.020228 57
0.018405 71
0.020205 60
0.019471 53
0.021514 60
0.017328 60
0.016238 70
0.018406 53
0.020123 49
6.769007 52
0.040549 54
0.417459 23
0.003784 363
0.003062 26
0.001938 26
0.000975 26
0.001420 26
0.001860 26
0.003071 101
0.001132 52
0.000685 75
0.766903 49
0.710168 44
0.048573 24
0.042879 2
0.014957 27
0.683745 32
0.864838 54
0.003931 54
0.079532 47
0.004177 65
0.035296 168
0.404578 86
0.000309 2
0.044683 90
0.000386 2
0.002956 92
0.000351 2
0.001235 91
0.000120 2
0.000929 87
0.000084 2
0.065807 93
0.000232 2
0.005253 33
0.889231 73
0.006781 363
0.003879 26
0.002679 26
0.002201 26
0.001340 26
0.005177 26
0.000255 101
0.000654 61
0.010727 31
0.227780 56
0.005958 57
0.010186 37
0.195008 58
0.004994 59
0.011441 39
0.126146 53
0.004631 57
0.011367 37
0.158201 49
0.005483 54
0.015515 33
0.259898 54
0.003720 59
0.011641 38
0.248098 38
0.034986 40
0.034056 38
0.240271 49
0.711243 34
0.074406 22
0.012477 32
0.033106 39
0.702027 72
0.004568 90
0.013432 34
0.087933 18
0.009599 7
0.063393 66
0.009207 13
0.408952 73
0.046870 24
0.042863 2
0.015027 27
0.686212 30
0.000145 2
0.102401 60
0.003113 52
0.002973 61
0.002548 50
0.005404 73
1.075819 196
0.000181 141
0.000118 73
0.000266 74
0.000075 69
0.000153 70
0.000134 74
0.000063 76
0.000040 64
0.000064 152
0.000066 80
0.000125 151
0.000673 362
0.000087 150
0.000293 300
0.000097 79
0.000118 75
0.000191 221
0.000023 75
0.000296 79
0.000160 156
0.000040 66
0.000185 78
0.000119 80
0.000042 76
0.000034 72
0.000317 70
0.000099 77
0.000153 76
0.000288 150
0.000498 274
0.000389 181
0.005910 1116
0.000084 860
0.000106 201
0.629421 627
0.000219 79
0.000061 68
0.000624 622
0.000160 79
0.000407 271
0.000443 145
0.000262 79
0.000130 144
0.000070 68
0.000304 76
0.000309 297
0.000257 79
0.000116 156
0.000332 220
0.000083 76
0.000235 78
0.000538 147
0.000198 78
0.000175 79
0.000285 309
0.000217 74
0.000274 106
0.002316 42
0.001786 140
0.000971 77
0.000464 70
0.001239 118
0.028631 171
0.538421 91
0.119562 88
0.000990 2
0.480569 95
0.000177 2
0.006885 85
0.000162 2
0.744463 118
1.033085 93
0.014007 88
0.231440 103
0.028770 110
0.010328 102
0.385285 104
1.964225 107
0.082952 109
0.007935 94
0.007146 97
0.043778 99
0.119336 91
2.516561 110
4.862403 101
0.006965 105
6.004445 97
0.116721 113
0.408136 111
3.085998 101
0.017915 100
0.107412 103
2.436005 93
0.007501 101
0.012509 94
0.201745 105
0.814822 113
2.943658 102
0.291912 103
0.009241 102
0.001988 93
0.100834 92
0.001527 92
0.000166 2
0.166802 95
0.116394 108
0.034343 118
0.080387 106
0.000315 2
0.138104 112
0.163136 111
0.592905 101
0.103153 94
0.468252 107
0.471736 100
0.404937 103
0.124151 107
0.101342 107
0.169491 93
0.103539 113
0.123387 95
0.330160 101
0.841317 95
0.018045 94
0.117138 98
0.150484 100
8.979645 105
0.442425 105
1.028134 104
0.011666 106
0.141920 100
0.138234 97
0.709667 87
0.076431 104
0.059656 92
1.397543 103
0.015623 87
0.010713 112
0.220597 110
0.921726 100
0.007814 94
0.003299 112
1.456736 101
0.233196 102
0.007684 92
0.051138 101
0.064892 100
0.219569 96
0.018943 96
0.032811 96
0.033069 105
0.094830 106
1.214682 109
0.007300 99
0.001104 105
0.138190 102
0.067558 102
0.093373 101
0.403217 99
0.007991 102
6.161466 104
1.790373 91
0.004279 102
0.154504 110
0.168070 107
0.998473 98
0.008659 97
1.634010 97
0.939700 96
0.009236 93
0.040994 94
1.358760 98
0.448095 101
6.243203 99
0.015143 93
0.043373 100
0.058868 92
0.884093 116
0.008522 110
0.143011 110
0.555674 97
0.084824 92
0.626286 98
0.211405 100
0.007587 95
0.277625 94
0.007290 101
0.411736 99
0.457886 96
0.547013 101
0.008894 93
0.007125 89
0.107634 93
0.076008 96
0.099485 88
0.064270 92
0.230942 101
0.007763 95
0.321922 96
0.197171 103
1.286233 98
0.294313 111
1.208161 96
0.007654 96
0.002397 97
0.644202 97
0.287323 103
1.839016 95
3.897407 92
0.441856 93
0.492316 93
0.007672 91
7.188095 91
0.007423 94
0.002153 93
0.000997 95
0.002814 93
0.327225 94
0.008403 93
0.039305 97
0.008745 98
1.871324 91
8.519053 90
0.014371 101
2.157962 91
14.378676 90
0.007859 91
0.193390 96
1.598137 98
0.053565 92
1.617842 97
0.007538 95
0.515224 105
0.055055 98
0.112153 98
0.309063 91
0.430539 93
0.007406 103
0.037981 117
0.030556 108
0.007837 94
0.125847 88
0.052727 107
0.976234 95
0.014254 96
0.786365 110
0.007881 93
0.161428 93
1.198737 102
25.082162 105
0.106627 92
0.009080 98
0.133942 104
0.553506 96
0.010187 91
0.078576 105
0.942572 97
0.622314 101
0.007906 92
0.002717 103
0.474085 108
0.210370 108
0.236269 99
0.707951 101
0.566785 101
1.010490 108
0.094828 98
0.090937 103
0.260826 103
0.997300 106
0.016113 104
0.311922 108
0.280252 110
0.435957 96
0.007572 93
0.035678 97
0.210131 105
0.314732 99
0.610538 102
0.115441 100
0.261986 97
0.007955 91
0.007922 101
0.083295 98
0.035217 99
0.009513 109
0.275490 100
0.007166 103
0.762622 100
3.232374 99
0.033875 97
0.010797 93
0.209968 110
1.982144 93
0.007604 102
0.006100 97
0.056477 102
0.137179 96
0.012389 101
0.008538 95
0.097496 94
0.077051 94
0.002126 97
0.004055 111
0.005424 91
0.010369 106
0.011484 101
0.003727 95
0.000984 89
0.144693 100
0.008147 109
0.002589 113
0.001383 105
0.001267 104
0.001168 116
0.036538 116
0.092270 120
0.151590 119
0.113011 125
0.154204 115
0.114229 116
0.167777 94
0.007529 104
0.489339 108
1.764523 108
0.145082 111
0.057091 116
0.020555 110
0.021148 107
0.043450 102
0.002603 96
0.051342 97
1.395758 93
1.214124 93
1.324691 93
1.075561 109
0.446415 96
0.032771 100
0.008211 95
0.090875 101
0.234667 108
0.117138 96
0.058403 106
0.019336 105
0.001914 100
0.384162 98
0.008901 111
0.004265 108
0.114931 98
0.402726 99
0.008681 94
0.114422 106
0.597199 109
0.007816 100
0.221878 90
0.007415 98
0.003193 102
0.001974 99
0.001955 98
0.000282 102
0.001885 99
0.033581 96
0.002984 97
0.031433 104
2.250840 115
0.008085 100
0.665753 101
0.007742 95
0.000690 98
0.001900 95
0.001249 93
0.108002 105
0.231996 103
0.468751 101
0.559525 94
0.315204 94
0.287737 93
0.008107 96
1.784777 91
0.010133 98
0.598004 94
0.008429 90
0.051098 90
0.066475 104
0.112164 96
0.245874 90
0.297073 110
0.181171 109
0.299625 99
0.066528 96
0.594386 91
0.355778 100
0.434571 93
0.009316 99
0.077805 90
0.076946 92
0.443822 87
0.125754 104
0.053181 97
0.062577 104
0.065044 94
0.106049 88
0.359342 101
0.008080 98
1.072838 92
0.005172 96
0.109864 98
0.002090 88
0.100044 95
1.556144 88
0.290368 91
0.007809 40
0.808731 39
0.146009 40
0.172779 40
0.163260 40
0.151952 40
0.159408 40
0.172462 40
0.140984 40
0.172341 40
0.155050 40
0.149484 40
0.146951 43
0.016598 29
4.809419 23
0.009595 337
0.000222 26
0.003163 26
0.002249 26
0.001406 26
0.001868 26
0.001549 26
0.002757 101
0.001436 56
0.054432 72
0.477942 41
0.271596 23
0.008544 337
0.000343 26
0.003092 26
0.001732 26
0.001422 26
0.002155 26
0.001811 26
0.002979 101
0.001051 55
0.042437 57
1.425186 35
0.250549 23
0.008986 337
0.001415 26
0.002852 26
0.001735 26
0.001162 26
0.001993 26
0.002107 26
0.003222 101
0.001686 61
0.027334 60
0.157101 60
0.055313 45
1.697662 31
0.105944 69
0.011831 65
0.037863 66
0.155045 23
0.007318 337
0.003767 26
0.002782 26
0.001784 26
0.001018 26
0.002766 26
0.001633 26
0.003450 101
0.001903 58
0.039227 52
0.480184 53
0.198697 47
0.377307 34
0.473147 64
0.606093 23
0.007036 337
0.002931 26
0.001536 26
0.002432 26
0.001144 26
0.002982 26
0.001165 26
0.003715 101
0.001890 67
0.033559 62
0.236818 74
0.034602 70
0.140133 66
0.034903 68
1.837528 46
0.311432 23
0.004914 337
0.003741 26
0.002354 26
0.001364 26
0.001185 26
0.002576 26
0.001220 26
0.004004 101
0.001757 72
0.032246 68
0.149889 57
0.006938 57
0.012505 41
0.328774 60
0.065442 59
0.257271 64
0.140515 71
0.280802 47
0.369074 23
0.006710 337
0.003194 26
0.001886 26
0.001373 26
0.001805 26
0.002319 26
0.001289 26
0.004265 101
0.001879 54
0.052428 50
1.115216 61
0.003666 73
0.011228 53
3.489610 64
0.006142 64
0.012461 48
0.142573 60
0.008951 68
0.011763 52
3.179418 48
0.005264 61
0.036223 40
0.187259 69
0.005565 77
0.012158 61
0.622252 61
0.004968 74
0.028302 53
0.722656 59
0.005328 64
0.010647 43
0.279761 58
0.003948 63
0.185301 42
1.241958 58
0.004195 66
0.156647 50
1.884919 56
0.005427 56
0.010793 36
0.249743 58
0.005673 65
0.010527 49
0.675650 61
0.006003 58
0.011081 42
0.263690 61
0.005575 69
0.009743 53
0.745477 68
0.005200 76
0.009513 60
2.675440 53
0.007949 66
0.012245 45
0.160603 66
0.006416 66
0.011506 50
0.111029 65
0.006105 65
0.010869 49
0.210980 62
0.062238 54
0.925353 44
0.598755 74
0.007596 363
0.003710 26
0.003332 26
0.001744 26
0.002468 26
0.001934 26
0.005851 101
0.002157 56
0.009464 35
0.252682 43
0.265072 73
0.002969 363
0.003035 26
0.002584 26
0.001908 26
0.002620 26
0.002298 26
0.005355 101
0.001837 55
0.034642 34
0.120933 56
0.006802 58
0.008462 42
0.256518 60
0.006031 59
0.012910 43
0.138059 72
0.007923 71
0.010063 55
0.101940 68
0.005440 81
0.009343 65
0.133907 59
0.006775 72
0.012074 56
0.221581 58
0.006650 75
0.014103 55
0.121044 62
0.006411 75
0.009274 59
0.390208 65
0.003894 64
0.009927 48
0.750398 59
0.003961 58
0.011839 42
0.630341 71
0.141730 84
0.446467 64
0.029543 77
0.560304 67
0.037054 80
0.288644 70
0.036703 83
0.170331 62
0.008745 70
0.010323 54
0.176785 56
0.005998 56
0.011380 40
0.301230 57
0.005977 76
0.011431 60
0.435088 58
0.005628 59
0.012805 43
0.330893 57
0.004417 65
0.015553 49
0.482118 60
0.005556 58
0.013060 42
0.137793 59
0.036086 59
0.299229 42
0.251061 83
0.007068 363
0.005148 26
0.002350 26
0.001569 26
0.002652 26
0.002457 26
0.004966 101
0.002129 64
0.011982 48
0.178291 57
0.006915 63
0.010247 47
4.004200 56
0.008820 69
0.015877 53
0.436057 55
0.006262 68
0.010931 47
0.955854 56
0.006607 68
0.011061 48
0.305912 57
0.006381 70
0.011116 49
0.327166 51
0.005547 64
0.072015 43
0.441485 56
0.005525 62
0.010015 40
0.683967 47
0.004947 60
0.151007 30
0.803747 58
0.006595 68
0.867665 48
0.194544 54
0.006502 55
0.011938 35
2.224028 61
0.005750 69
0.010085 51
0.294588 48
0.004520 59
0.008424 29
0.402373 69
0.005634 76
0.009430 60
1.532207 61
0.005983 73
0.022414 52
0.977902 51
1.670287 61
0.518668 50
0.720311 53
2.756292 82
0.008483 363
0.003666 26
0.002584 26
0.002517 26
0.002432 26
0.002460 26
0.005621 101
0.002573 63
0.009747 42
0.227373 58
0.005959 57
0.010886 41
0.422540 68
0.006777 75
0.009284 59
6.438332 53
0.004729 62
0.000313 3
0.628343 44
1.529178 66
0.005335 65
0.009567 49
0.551461 43
0.919369 74
0.008987 363
0.002570 26
0.002233 26
0.002159 26
0.002604 26
0.002884 26
0.005792 101
0.002483 55
0.029718 34
0.148577 60
0.006456 64
0.010667 44
0.304421 57
0.007126 64
0.018178 43
0.661999 59
0.007080 59
0.009353 43
0.230891 56
0.004487 59
0.011543 43
0.158165 59
0.006882 59
0.011984 43
0.140469 56
0.007805 71
0.010360 53
0.180644 61
0.007196 69
0.011755 53
0.645677 54
0.004217 74
0.010797 51
0.137037 54
0.006153 62
0.010629 41
0.123188 69
0.006829 69
0.010038 53
0.327291 65
0.007730 65
0.011929 49
0.139220 65
0.006644 65
0.011137 49
0.223709 57
0.007546 65
0.009408 49
0.251994 62
0.006058 62
0.009949 46
0.129470 59
0.007350 67
0.018948 49
4.097846 56
0.004634 69
0.009266 46
3.042030 47
0.002747 54
0.016583 33
0.005411 34
0.162122 56
0.005665 68
0.010003 46
0.443388 60
0.008710 74
0.011342 58
0.159161 60
0.006952 73
0.009490 50
0.347879 53
0.006608 61
0.013012 40
0.161162 49
0.007962 62
0.094507 39
2.712517 61
0.031597 63
0.572339 41
0.412629 23
0.010744 363
0.003220 26
0.002449 26
0.002427 26
0.002763 26
0.002811 26
0.006184 101
0.002715 61
0.037858 61
0.299213 44
0.315620 23
0.010092 363
0.003050 26
0.002277 26
0.003082 26
0.002089 26
0.003036 26
0.006104 101
0.002570 56
0.116978 61
0.150013 58
0.075272 61
0.696401 60
0.000224 3
0.075468 66
1.001024 65
0.772283 119
0.345874 111
0.130686 69
13.930930 121
0.032635 113
0.747478 64
0.185387 68
0.214612 47
0.007355 58
0.010972 35
0.243131 56
0.007773 63
0.010071 42
0.324998 54
0.030147 48
0.464799 80
0.033002 81
0.282305 75
0.260200 76
0.011820 71
0.612129 75
0.085881 76
1.203857 61
0.005794 60
0.010329 44
0.333407 55
0.038702 55
1.779509 50
0.008902 61
0.012226 40
0.381352 59
0.007639 62
0.010898 42
0.589162 59
0.005389 58
0.013272 42
0.560633 57
0.008486 56
0.010901 40
0.145619 65
0.006351 64
0.010962 48
0.468622 63
0.007534 62
0.010932 46
0.468944 54
0.005460 58
0.022792 37
0.598794 53
0.007847 63
0.009479 43
0.361411 55
0.007762 56
0.011244 40
0.162006 46
0.006457 60
0.016708 30
0.136437 48
0.008133 57
0.012899 34
0.185990 60
0.008638 58
0.014173 42
0.104926 46
0.005715 60
0.009479 30
0.179709 52
0.008732 55
0.010141 35
0.478535 57
0.007874 63
0.011846 43
0.137164 52
0.007224 60
0.018047 38
0.618699 53
0.008101 59
0.009824 39
0.144930 64
0.006866 65
0.009815 49
2.413190 60
0.010800 61
0.011499 45
0.561012 67
0.006254 73
0.010439 52
2.218879 52
0.009378 58
0.010065 37
0.136220 58
0.010110 58
0.009553 42
0.238401 55
0.007309 60
0.010368 39
0.936503 56
0.007356 60
0.009557 39
0.234342 63
0.006356 65
0.012202 49
4.791486 58
0.009617 57
0.249796 41
5.920131 57
0.007941 55
0.011052 39
0.626642 57
0.008380 56
0.012165 40
0.501439 56
0.007883 55
0.013280 39
0.133657 49
0.008671 53
0.012830 32
3.465042 47
0.010369 55
0.015867 32
0.127507 57
0.008779 56
0.015220 40
0.139706 56
0.008204 55
0.011078 39
0.144688 59
0.007623 58
0.012821 42
0.138675 57
0.006417 56
0.010742 40
0.387169 58
0.007062 57
0.012070 41
0.169867 56
0.006021 55
0.011225 39
0.188216 61
0.010119 60
0.012360 44
0.375980 61
0.008844 60
0.011533 44
2.057949 49
0.010422 53
0.010756 32
5.086346 47
0.008720 55
0.012730 32
0.131882 64
0.008304 63
0.012275 47
3.213640 49
0.008393 53
0.009673 29
0.000190 3
3.805755 47
0.009460 55
0.010250 32
0.211934 48
0.010135 54
0.011269 33
0.688354 56
0.007323 58
0.009233 38
0.738706 49
0.007053 61
0.015221 40
0.249617 52
0.009454 54
0.013054 34
0.939705 59
0.008821 60
0.010075 39
0.377355 51
0.008010 57
0.000061 3
0.010755 37
0.330300 70
0.034676 73
0.280575 48
0.009452 60
0.009618 39
0.104060 48
0.010194 61
0.010464 40
0.187534 51
0.008992 54
0.010529 34
2.310804 57
0.014779 55
0.371200 35
1.500852 63
0.011722 65
0.009321 45
0.455753 76
0.007244 79
0.009346 59
0.128082 67
0.008981 70
0.010337 50
0.109902 56
0.008263 57
0.010504 41
0.656297 47
0.009588 59
0.009505 29
0.471061 61
0.007069 69
0.012193 53
0.811326 58
0.007927 58
0.011700 42
0.359561 51
0.008120 58
0.012162 37
1.961732 59
0.008259 72
0.012578 52
0.237381 54
0.011572 56
0.116752 36
0.286565 53
0.010017 55
0.011628 35
0.584095 60
0.009732 81
0.010576 60
0.460801 58
0.006953 64
0.012414 44
6.289069 55
0.008660 66
0.010955 46
0.211049 64
0.009400 68
0.010164 47
0.538840 51
0.010487 55
0.014147 34
0.369719 61
0.030430 64
0.383187 54
0.009350 66
0.009609 46
1.554269 59
0.007924 58
0.010716 42
0.262605 57
0.009165 56
0.010194 40
0.251235 55
0.008599 68
0.010531 47
0.714543 47
0.011734 60
0.011148 39
0.528544 59
0.009836 63
0.009415 42
0.140884 57
0.009465 54
0.012323 38
0.109701 53
0.007416 66
0.011565 45
0.948865 58
0.009054 71
0.009754 47
0.000611 3
0.202055 58
0.012648 71
0.009242 50
0.237974 49
0.010421 62
0.010470 41
0.326028 51
0.013016 64
0.008281 43
0.420063 51
0.008327 64
0.070513 43
0.715690 67
0.008410 73
0.010705 55
0.173642 51
0.008425 62
0.009944 39
0.429905 56
0.009431 66
0.025190 46
0.442046 54
0.009314 65
0.018016 44
1.257898 63
0.007485 69
0.011097 53
0.229143 60
0.009461 67
0.011805 51
0.480784 64
0.011601 71
0.014008 55
0.240796 62
0.011080 73
0.011309 52
0.518611 60
0.007145 58
0.010127 42
0.208759 52
0.010176 55
0.010629 34
0.163006 60
0.010658 60
0.013399 44
0.538165 61
0.010761 68
0.011948 52
0.405765 61
0.012451 63
0.012517 43
0.984479 61
0.009931 65
0.508633 45
0.574672 63
0.013126 63
0.010334 47
0.400477 57
0.009967 61
0.014766 45
0.141997 50
0.009750 55
0.010575 34
0.220504 57
0.013507 64
0.010850 48
0.249266 48
0.010340 60
0.011310 39
0.131034 51
0.008818 63
0.009248 42
0.127315 64
0.010902 72
0.011275 56
1.700231 57
0.007569 62
0.130946 42
1.746278 51
0.007790 67
0.549865 45
0.810246 47
0.010903 64
0.080142 41
6.400222 50
0.010351 62
0.010497 42
0.184561 57
0.011333 62
0.010556 44
0.250149 57
0.009167 56
0.011936 40
0.357489 63
0.010234 72
0.010411 56
10.029915 48
0.011511 55
0.009337 34
0.178384 64
0.029399 64
0.227313 59
0.035271 59
0.207324 66
0.008550 65
0.010222 49
0.244701 60
0.010913 58
0.011181 42
0.151447 66
0.008632 64
0.011429 48
0.261962 59
0.011873 58
0.011346 42
0.243058 49
0.009860 56
0.010076 35
0.133669 57
0.011094 56
0.010503 40
0.223797 55
0.010646 59
0.010759 38
0.238400 64
0.010746 73
0.008769 53
0.165135 54
0.013595 53
0.009838 33
0.157258 59
0.012763 68
0.046613 48
0.146452 49
0.010357 63
0.010879 42
0.144270 61
0.011323 59
0.047365 39
0.129369 47
0.009437 61
0.018739 31
0.422244 50
0.008497 62
0.012802 41
0.114914 66
0.011762 71
0.010592 51
0.113970 69
0.011318 75
0.009122 54
0.096624 67
0.013135 69
0.010150 49
0.110492 64
0.013673 66
0.009475 46
0.114944 70
0.011774 79
0.011559 63
0.318657 70
0.011000 79
0.011012 63
0.365181 74
0.012486 83
0.010949 67
0.317917 73
0.012284 82
0.009774 66
0.305132 79
0.015937 88
0.010741 72
0.440066 69
0.009493 78
0.011341 62
0.501511 70
0.010985 79
0.108990 63
0.349951 57
0.012367 59
0.011658 41
0.266363 56
0.009000 68
0.011023 50
1.530668 58
0.008435 70
0.009008 54
1.439847 59
0.010738 71
0.010245 55
0.536763 68
0.011690 74
0.011818 58
0.293220 72
0.010386 78
0.011246 62
0.128021 66
0.011822 72
0.010610 51
0.140765 60
0.012686 69
0.009635 53
0.227251 59
0.011740 64
0.011052 44
0.128193 58
0.010316 59
0.011591 43
0.261368 62
0.012334 59
0.011141 43
3.137542 58
0.008188 55
0.453221 39
1.626605 58
0.011083 55
0.010616 39
0.561881 58
0.011254 55
0.011142 39
0.595579 59
0.011149 71
0.008865 51
3.038136 59
0.013046 59
0.012380 43
0.341399 57
0.011815 62
0.009884 46
0.194506 53
0.009671 60
0.010230 39
0.389144 56
0.012710 64
0.010758 44
0.217322 68
0.012797 73
0.012718 57
0.480746 60
0.011598 59
0.008887 43
0.583556 69
0.012822 70
0.009000 50
0.223812 65
0.010758 67
0.011062 47
0.118753 60
0.011899 65
0.018965 43
0.499274 56
0.008617 61
0.053883 41
0.130631 58
0.010285 75
0.021614 53
0.126354 60
0.011042 73
0.010237 55
0.393018 62
0.011211 63
0.011657 45
0.738533 58
0.012094 63
0.009960 45
0.185474 59
0.010452 57
0.010714 41
0.306386 61
0.010211 68
0.012515 52
0.905917 64
0.010817 72
0.010542 52
0.110714 51
0.011937 63
0.012009 42
0.266618 48
0.011541 54
0.023186 31
0.096221 48
0.010451 60
0.010750 40
0.138620 61
0.011555 64
0.011018 44
0.122065 57
0.010814 61
0.009874 41
0.119479 59
0.008627 62
0.010733 42
0.100520 61
0.011544 64
0.009552 44
0.098850 58
0.011645 61
0.010864 41
0.161753 55
0.012221 58
0.010346 38
0.139374 60
0.010907 59
0.009822 43
0.247386 59
0.008712 66
0.009178 50
2.854151 65
0.010411 78
0.009924 62
0.181326 58
0.011604 62
0.010368 46
1.219037 61
0.012922 65
0.009469 47
0.139080 61
0.012437 60
0.010168 44
0.113509 56
0.012178 62
0.010366 44
0.117602 58
0.010317 61
0.011757 43
0.134233 56
0.007496 56
0.009036 40
0.135151 55
0.010979 70
0.010529 48
0.435050 57
0.010505 68
0.011448 50
0.500681 55
0.012133 63
0.011064 43
1.092103 48
0.010950 57
0.023468 36
0.446177 53
0.011744 59
0.012774 36
0.597581 51
0.012588 55
0.011629 35
0.195472 56
0.011554 58
0.010830 38
1.473195 51
0.012434 54
0.010742 33
0.214871 47
0.012010 63
0.010246 40
0.849811 54
0.010748 58
0.011531 37
0.180455 50
0.011071 53
0.010173 32
0.157029 50
0.010892 53
0.010993 32
0.206421 56
0.013691 67
0.012726 47
0.245587 54
0.011990 59
0.010214 38
0.480964 49
0.014567 53
0.011739 32
0.259102 67
0.012257 75
0.013913 57
0.683440 66
0.013049 74
0.011845 56
0.255270 58
0.012403 62
0.014004 42
0.294049 51
0.010961 59
0.048472 38
0.563165 50
0.012681 54
0.016458 33
0.310479 60
0.012190 63
0.012165 42
1.260463 55
0.011495 56
0.016664 35
0.270074 48
0.012582 64
0.012505 41
0.193475 52
0.014116 54
0.011422 34
0.212776 50
0.010421 55
0.010241 34
0.477259 48
0.012285 59
0.029839 29
1.816701 56
0.010958 67
0.041439 46
1.933822 49
0.016602 60
0.459806 39
1.772569 51
0.012917 65
0.000197 2
0.010683 47
0.304656 52
0.012949 58
0.012778 35
0.349437 48
0.011819 60
0.010353 30
0.578160 61
0.012875 63
0.035869 43
0.430057 51
0.013320 62
0.040935 39
1.152132 50
0.010608 55
0.012397 34
0.312551 51
0.010844 58
0.012541 37
0.164922 57
0.013038 60
0.027761 39
0.318476 47
0.011263 53
0.008865 32
0.630361 54
0.014223 57
0.029686 37
3.136147 47
0.013193 60
0.036387 30
0.558026 59
0.012142 70
0.010578 50
0.190962 56
0.012434 56
0.011006 36
0.217851 54
0.037845 41
0.143239 73
0.043898 45
0.036799 47
0.031135 40
0.094294 90
0.070146 37
0.495876 97
0.155891 54
0.034950 42
0.036422 35
0.560235 42
0.107260 107
0.026106 45
0.035185 44
0.042600 41
0.041244 41
0.040966 36
0.038514 41
0.033337 34
0.648376 37
0.117851 51
0.103416 40
0.095858 45
0.034966 33
0.042304 38
0.161938 46
0.032580 35
0.032286 45
0.032354 44
0.034730 40
0.036015 54
0.034590 40
0.022763 35
0.033452 35
0.033608 44
0.034932 45
0.045152 40
0.071500 43
0.030830 54
0.033041 63
0.056837 50
0.034450 55
0.031956 43
0.031613 50
0.028993 43
0.033659 43
0.035541 39
0.036172 43
0.032692 41
0.029374 49
0.028538 46
0.028362 56
0.049261 52
0.033325 48
0.032459 36
0.032086 43
0.043109 43
0.032049 55
0.029518 66
0.032627 35
0.032716 105
0.041935 44
0.039568 42
0.033161 54
0.047062 103
0.023483 36
3.824864 43
0.033967 41
0.863764 33
0.171431 7
0.684247 51
6.327964 45
6.609172 30
2.186078 38
1.117253 41
0.136571 41
0.040562 33
0.037533 44
0.042197 52
0.039636 43
0.013971 59
0.172789 44
0.121585 42
0.226067 43
0.030712 49
0.028918 34
0.031650 41
0.032978 42
0.037617 47
0.030797 47
0.029286 35
0.405690 38
0.006601 140
0.000204 99
0.825229 41
0.036722 61
0.032293 54
0.033534 59
0.033104 35
0.033517 41
0.034161 112
0.025581 41
0.947577 25
0.019032 4
0.022730 43
0.035013 43
0.030180 54
0.030171 45
0.031975 45
0.034324 40
0.035358 43
0.030891 41
0.031718 44
0.029561 47
0.033287 48
0.032375 40
0.033787 56
0.029628 44
0.250410 67
0.029662 48
0.031109 41
0.033208 43
0.030402 35
0.869804 45
0.031711 35
0.451479 51
0.540492 27
0.079197 4
0.379846 52
0.249685 44
0.071549 41
0.043518 38
0.119255 57
0.041222 59
0.030852 54
0.034417 40
0.032270 45
0.031846 42
0.030649 31
0.030917 40
0.036192 47
0.031913 49
0.031668 47
2.301879 30
0.033383 43
0.446147 44
0.018459 64
0.030551 46
0.029758 51
0.032665 31
0.481748 44
0.031067 64
0.039480 34
0.064394 95
0.055528 49
0.031418 49
0.033210 48
0.141539 31
0.175803 42
0.033497 37
0.032690 102
0.026645 45
0.029885 64
0.030883 45
0.033722 46
0.031104 33
0.031624 44
0.075794 39
0.312425 44
0.030453 40
0.032960 39
0.060547 145
0.013513 47
0.032174 42
0.030512 39
0.029443 48
0.029310 54
0.035452 30
0.123825 41
0.031175 52
0.030706 61
0.031060 40
0.035449 33
0.635570 45
0.033586 43
0.035673 42
0.035486 48
0.034008 44
0.030961 43
0.060240 40
0.092010 57
0.019879 63
0.039271 36
0.308685 51
0.016892 39
0.035469 60
0.033126 63
0.032917 45
0.472540 38
0.516559 49
0.032528 36
0.081347 109
0.018199 111
0.021717 109
0.073677 32
0.257054 35
0.012199 56
0.039847 49
0.630390 33
0.170270 7
0.555431 64
0.034344 53
0.038235 31
0.623151 42
0.014859 4
0.016798 42
0.041106 46
1.359063 53
0.033499 40
0.038354 36
0.035978 58
0.036636 50
0.040033 60
0.035457 31
0.034954 34
0.570000 39
0.039840 51
0.045175 53
0.040452 38
0.040579 47
0.746590 63
0.634000 49
0.035633 41
0.012233 64
0.106342 124
0.057848 56
0.143697 34
0.021195 67
0.011343 68
0.012427 64
0.448450 40
124.178295 36
0.036423 50
0.035123 61
0.030743 38
0.145336 52
0.032452 43
0.029813 53
0.033022 43
6.605946 56
0.042933 43
0.038275 49
0.034772 45
0.033335 53
0.032890 30
0.033329 33
0.061182 49
0.035779 44
0.036198 50
0.033343 42
0.032317 68
0.034524 41
0.040660 48
0.040064 54
0.065653 35
0.031989 50
0.033179 40
0.035224 57
0.038977 50
0.034002 48
0.036126 50
0.035461 44
0.039329 39
1.043593 45
1.709336 43
0.043662 56
0.035566 55
0.035497 47
0.031952 54
0.034728 38
0.138526 38
0.126759 54
0.035724 33
0.034156 46
0.057231 49
0.099254 57
0.063670 46
1.788949 49
0.333791 35
0.031998 51
0.036543 53
0.010991 64
0.099061 42
0.041558 40
0.035468 57
0.034633 35
0.301558 44
0.038457 36
0.042307 33
0.091169 56
0.032424 44
0.136719 44
0.089051 50
0.031622 41
0.078136 43
0.428929 39
0.892956 36
2.260360 51
2.081729 50
1.179685 33
0.142101 47
0.140295 35
0.159251 51
0.036597 53
0.432928 13
0.413837 6
0.006490 4
0.000882 40
0.377140 46
0.035438 40
0.037264 39
0.031479 105
0.126658 44
0.441820 58
0.034050 37
0.029622 95
0.015916 98
0.017507 110
0.017066 110
0.016526 107
0.018923 107
0.016568 100
0.023086 51
0.034047 53
0.021181 60
0.030297 60
1.888483 52
0.022406 69
0.171156 44
0.030476 4
0.494298 52
0.036506 52
0.029244 46
0.030773 48
0.031907 35
0.054709 53
0.034504 43
0.029477 48
0.031793 44
0.032180 52
0.295732 42
0.126342 33
0.090708 85
0.021354 42
0.179737 42
0.034386 40
0.033479 45
0.354043 39
0.272420 47
0.029419 55
0.030683 40
0.031646 50
0.035175 60
0.030848 43
0.027682 37
0.029800 44
2.256675 29
0.138545 30
0.017543 30
0.114171 30
0.015997 30
0.120109 33
0.131150 30
0.126178 30
0.128311 25
0.125638 23
0.122656 29
0.121144 23
0.109391 24
0.112900 31
0.119242 28
0.126654 26
0.128625 27
0.120888 26
0.128545 30
0.125352 25
0.141850 39
0.115933 41
0.121191 26
0.123631 31
0.121880 29
0.093687 86
0.107654 35
1.047792 41
0.161160 86
20.142613 11
0.005322 104
0.004174 14
0.002472 58
0.671567 245
0.670929 50
2.232009 40
1.197054 58
0.658279 47
1.477225 57
0.038771 51
0.118739 34
0.064801 49
0.000330 25
0.000132 2
0.000383 34
0.001838 7
0.207365 40
0.343714 42
0.047768 8
0.726872 170
0.003495 31
0.390947 30
0.128471 4
0.532444 34
0.076483 4
1.892439 36
0.249171 53
0.000424 3
0.144277 42
0.034314 40
0.147741 57
0.018191 42
0.036724 43
0.033035 33
0.044089 36
0.121362 32
0.073164 41
0.030547 44
0.056488 51
0.037529 51
0.041619 40
0.041388 89
0.019104 97
0.023608 91
0.014520 93
0.018996 87
0.022273 91
0.016668 87
0.060213 49
0.123440 64
0.033706 45
2.271966 80
0.006836 8
0.024642 62
9.744100 145
0.012886 30
1.016528 3
0.014191 34
1.016964 3
0.009317 27
0.033890 3
0.041901 41
0.018869 3
0.022926 41
0.037407 3
0.009505 42
0.046549 3
0.002111 23
0.000172 18
0.007263 65
0.007354 22
0.002686 32
0.007486 19
0.000191 39
0.008487 61
0.065301 36
0.081089 15
0.003496 65
0.002189 54
0.003908 13
0.003652 64
0.000452 7
0.000098 2
0.001217 8
0.002619 23
0.006485 23
0.001236 22
0.005753 66
0.004124 21
0.001864 35
0.008157 44
0.002200 38
0.003701 8
2.265811 40
0.014474 22
0.026845 43
0.009777 54
0.003328 208
0.000333 328
0.000267 182
0.000135 171
0.000055 69
0.000040 34
0.000034 56
0.000029 10
0.000031 34
0.000029 5
0.000032 74
0.000031 12
0.000031 12
0.000044 5
0.000168 165
0.000138 127
0.000135 142
0.000126 31
0.002657 43
0.007770 42
0.007285 39
0.000060 2
0.010275 41
0.000215 2
0.010378 41
0.000108 2
0.015485 243
0.005080 123
0.021411 105
0.005272 116
0.007392 103
0.004871 115
0.005322 103
0.004165 115
0.006163 12
0.000170 99
0.003704 119
0.002339 3
0.000218 13
0.000069 23
0.000072 3
0.000235 2
0.014930 3
0.000154 42
0.000212 2
0.010269 3
0.000086 42
0.000192 2
0.071487 3
0.000086 45
0.000312 2
0.040750 126
0.020154 126
0.020740 124
0.015862 128
0.017983 130
0.026425 132
0.026425 130
0.057348 124
0.324832 48
0.007859 49
0.001586 3
0.000296 41
0.000289 2
0.006809 34
0.007437 3
0.000790 40
0.025058 95
0.027452 11
0.007360 50
0.047146 29
0.042589 64
0.015668 64
0.083878 66
0.615163 101
0.000879 37
0.105613 51
0.814372 54
0.001807 78
0.001063 152
0.001629 64
0.004588 150
0.097995 47
0.001636 78
0.001168 160
0.001782 73
0.034718 170
0.032820 22
0.501211 49
0.501210 49
0.501155 49
0.500785 49
0.500800 49
0.500907 49
0.501791 49
0.501253 49
0.501266 49
0.500791 49
0.426278 62
0.024366 34
0.002093 34
0.041310 34
0.048863 39
0.000358 4
0.003781 65
0.035649 65
0.044087 99
0.093363 128
0.000157 73
0.500986 89
0.171936 89
0.041007 262
0.000111 4
0.084143 263
0.000109 89
0.000581 170
0.000094 99
0.000133 89
0.439591 350
0.013418 350
0.447648 89
0.000169 172
0.000224 89
0.105770 89
0.001526 262
0.321211 353
0.113558 351
0.314742 355
0.107767 268
0.000283 89
0.329416 266
0.000414 89
0.350199 364
0.338708 355
0.008687 350
0.115933 352
0.119956 359
0.336161 85
0.002895 280
0.130004 368
0.136853 372
0.033267 353
0.171631 89
0.000202 287
0.501652 89
0.500422 89
0.500782 89
0.501138 89
0.501204 89
0.500683 89
0.500910 89
0.501393 89
0.501137 89
0.501013 89
0.500917 89
0.501890 89
0.500311 89
0.500735 89
0.501013 89
0.501807 89
0.501375 89
0.501322 89
0.501345 89
0.501656 89
0.501214 89
0.501252 89
0.500317 89
0.500716 85
0.000177 4
0.500757 89
0.500831 89
0.501115 89
0.500351 89
0.500057 89
0.500813 89
0.500626 89
0.500576 89
0.501277 89
0.500262 89
0.501607 89
0.500723 89
0.500445 89
0.501122 89
0.500852 89
0.500334 89
0.502051 89
0.500232 89
0.500729 89
0.500776 89
0.500700 89
0.455038 371
0.007619 267
0.000411 89
0.122526 206
0.861894 29
0.805581 75
0.013233 337
0.003898 26
0.003551 26
0.004678 26
0.005938 26
0.004894 26
0.005454 26
0.006206 101
0.004230 61
0.081318 37
0.638568 63
0.011291 65
0.009873 39
0.000429 3
0.134012 56
0.009464 60
0.019903 41
0.120491 57
0.011592 67
0.012174 48
0.334137 60
0.010835 60
0.009663 41
0.125604 54
0.013392 63
0.009885 38
0.279955 56
0.008858 62
0.011198 41
0.309344 55
0.012380 61
0.012411 40
0.126518 56
0.010061 61
0.009809 42
0.222896 57
0.007839 59
0.011050 40
0.359577 60
0.010110 62
0.011952 43
0.211503 62
0.010140 64
0.010016 45
0.257376 60
0.009583 63
0.010789 44
0.542401 60
0.010592 74
0.009471 53
0.301757 57
0.011056 66
0.011857 45
0.154565 55
0.013119 61
0.010691 40
0.221949 57
0.010982 63
0.015171 42
0.141697 58
0.010712 67
0.011243 48
0.406619 64
0.011939 73
0.010905 54
0.192740 64
0.010622 78
0.012247 57
0.225955 62
0.008833 80
0.009742 61
0.162403 51
0.010710 63
0.010971 39
0.487599 73
0.010180 83
0.021614 59
31.382120 63
0.015616 79
0.010438 55
0.106995 52
0.012138 64
0.010589 40
0.623439 54
0.037969 43
0.032958 49
0.033755 43
0.144102 57
0.150677 39
1.030894 97
0.131997 49
0.011652 15
0.029349 4
0.032849 46
0.038999 60
1.175585 69
0.000208 140
0.000157 71
0.258035 108
21.204930 41
0.220936 38
3.575797 58
0.037272 44
0.041060 42
0.038026 42
0.040342 41
0.042117 46
0.033284 56
0.036508 42
0.036064 41
0.034633 43
0.037863 62
0.036242 45
0.037218 41
0.038211 49
0.063253 55
0.040960 40
0.039494 49
0.074644 47
3.308610 62
0.106744 66
22.474387 403
0.048009 24
0.041054 2
0.015074 27
0.707767 30
0.000616 2
0.109176 262
0.000247 51
0.002060 270
0.000270 237
0.852468 78
0.002803 50
0.001419 54
0.000284 79
0.000149 62
0.000658 252
0.000142 64
0.000310 70
0.000318 80
0.003200 292
0.005209 345
0.154607 47
0.000849 130
0.000240 65
0.000328 127
0.000083 143
0.000257 65
0.000244 65
0.000741 225
0.001444 71
0.000322 33
0.002628 42
0.002780 73
0.001989 52
0.028866 171
0.186639 100
0.377007 86
0.546430 90
0.028483 109
0.221388 84
0.028324 90
0.000098 2
0.211056 110
0.010872 107
0.152320 109
0.001884 110
0.110634 103
0.056734 104
0.131628 100
0.270723 97
0.009274 97
0.104079 90
0.000147 2
0.074110 110
0.232219 95
0.015910 95
0.033681 92
0.006954 108
0.096602 103
0.097724 101
0.002448 98
0.003671 109
0.000975 102
0.004880 109
0.015071 99
0.007701 102
0.067180 198
0.002884 100
0.000236 94
0.033514 105
0.043033 98
0.049207 104
0.001401 103
0.092758 99
0.003389 99
0.056224 100
0.084120 103
0.001148 102
0.001220 105
0.001729 97
0.000682 104
0.218272 104
0.040540 99
0.104001 99
0.005034 99
0.001811 105
0.001777 93
0.104958 108
0.011153 100
0.001148 98
0.013768 105
0.275118 107
0.012613 108
0.025034 112
0.009623 104
0.010071 85
0.180776 94
0.009806 103
0.008149 95
0.268225 35
0.810382 40
0.141544 40
0.132741 43
0.019449 29
0.869940 23
0.011898 337
0.004813 26
0.004651 26
0.004299 26
0.006416 26
0.005184 26
0.005956 26
0.008923 101
0.004979 64
0.031722 61
0.611938 45
0.132806 64
0.024016 69
0.025314 55
0.012626 59
0.073044 44
0.019500 46
0.377003 23
0.012441 337
0.004630 26
0.004103 26
0.004317 26
0.005953 26
0.004880 26
0.005858 26
0.008331 101
0.005174 59
0.078416 50
3.232946 30
0.013595 61
0.122115 62
0.013760 63
0.038568 142
0.251506 23
0.013293 285
0.000246 52
0.004301 26
0.004316 26
0.004160 26
0.006449 26
0.004938 26
0.005904 26
0.008928 101
0.005157 55
0.046944 52
0.370026 35
1.102777 23
0.014184 285
0.000165 52
0.004724 26
0.004443 26
0.004364 26
0.006109 26
0.005199 26
0.005979 26
0.008768 101
0.005207 74
0.052924 78
0.671884 54
0.376667 23
0.012653 337
0.004648 26
0.004291 26
0.004046 26
0.006050 26
0.005396 26
0.006339 26
0.008972 101
0.005693 58
0.030302 50
0.587424 29
0.395351 23
0.012427 337
0.004706 26
0.003849 26
0.004661 26
0.006377 26
0.005378 26
0.005456 26
0.009531 101
0.004821 57
0.046708 56
0.813790 75
0.031814 84
0.405770 72
0.289178 81
2.000151 57
0.570991 23
0.010303 285
0.000275 52
0.004630 26
0.004666 26
0.004959 26
0.005401 26
0.005199 26
0.006398 26
0.008391 101
0.005513 74
0.033168 83
0.561825 59
0.284834 23
0.013001 129
0.000144 208
0.004005 26
0.004560 26
0.004260 26
0.006192 26
0.005512 26
0.005975 26
0.008942 101
0.005368 74
0.039511 76
0.491137 55
0.308750 84
0.013394 337
0.004742 26
0.003858 26
0.005012 26
0.005829 26
0.005787 26
0.005728 26
0.008775 101
0.005113 69
0.012103 51
0.413428 61
0.010651 68
0.016773 52
0.287175 53
0.013211 66
0.011890 43
0.759320 47
0.010755 63
0.033888 41
0.345932 61
0.040135 65
0.769249 42
2.107571 23
0.013748 337
0.004822 26
0.003526 26
0.004512 26
0.005674 26
0.005519 26
0.004604 26
0.009119 101
0.005668 56
0.032350 64
0.323080 41
0.394615 54
0.008148 27
0.062299 59
0.009850 21
1.070696 11
0.128993 34
2.075219 11
0.207753 27
2.043218 11
0.342456 28
1.052172 11
0.533151 27
1.121966 11
0.094315 26
1.080451 11
0.060590 49
1.024958 79
0.013463 337
0.004399 26
0.004063 26
0.004862 26
0.006092 26
0.005487 26
0.005052 26
0.008496 101
0.005056 77
0.010851 54
1.668087 54
0.013496 63
0.019610 37
0.174156 59
0.011757 61
0.010734 42
0.254985 51
0.012093 58
0.013827 34
0.216064 54
0.011590 75
0.010476 51
0.505942 63
0.013066 70
0.015988 47
0.143394 64
0.013969 69
0.011885 46
0.126701 61
0.013964 66
0.010205 43
0.228286 62
0.014470 75
0.011775 51
0.120735 65
0.012621 70
0.010245 47
0.111133 60
0.015048 75
0.010190 52
0.145997 61
0.013134 66
0.011999 43
0.120524 64
0.015002 69
0.011812 46
0.107582 60
0.011423 65
0.015676 42
0.113388 58
0.012922 67
0.012432 43
0.236634 63
0.013070 68
0.013908 45
0.179997 55
0.011895 60
0.011524 37
0.260293 63
0.012157 72
0.011285 48
0.138115 59
0.013563 65
0.008961 42
0.118874 66
0.013345 71
0.011988 48
0.109690 64
0.014938 69
0.009747 46
0.242122 61
0.012271 66
0.010555 43
0.125668 61
0.013194 66
0.011690 43
0.297112 63
0.010533 68
0.010074 45
0.139706 64
0.011887 69
0.009318 46
0.122636 63
0.013597 68
0.011386 45
0.128695 66
0.014336 71
0.010895 48
0.105946 70
0.012276 66
0.011085 47
0.230553 62
0.012758 71
0.014507 47
0.370854 65
0.013158 71
0.011581 48
0.353046 60
0.012765 66
0.009669 42
0.201997 60
0.013133 65
0.010173 42
0.146083 60
0.013960 65
0.010622 39
0.000186 3
0.116245 66
0.014069 71
0.009018 48
0.100531 55
0.013942 60
0.009866 37
0.275197 70
0.014128 75
0.012276 52
0.111058 64
0.013594 69
0.012724 46
0.109704 61
0.014764 66
0.012071 43
0.141782 60
0.012745 76
0.011666 51
0.249581 63
0.012478 74
0.010215 50
0.222549 66
0.014523 75
0.010425 51
0.267840 64
0.012120 78
0.009644 54
0.213430 67
0.013420 72
0.009565 49
0.151499 48
0.013360 54
0.008514 31
0.311778 50
0.013951 62
0.010382 36
0.109202 65
0.013975 70
0.009024 47
0.578146 57
0.014059 63
0.275953 40
2.244153 43
0.554367 52
0.961339 42
1.266680 43
0.035062 53
0.205365 46
0.034483 48
0.033408 55
0.035626 49
0.036200 38
0.074720 143
0.025909 43
0.038294 52
0.037305 48
0.034033 46
0.000108 2
0.033045 52
0.038702 48
0.034099 51
0.029440 42
0.031489 50
0.030478 44
0.034260 32
0.054023 43
0.034383 43
0.035016 52
0.034921 44
0.038419 53
0.042844 44
0.037200 60
0.032933 47
0.032997 37
0.044571 38
0.037858 55
0.033043 48
0.032627 52
0.033784 44
0.033160 35
0.726519 47
0.033788 43
0.030568 49
0.030410 49
0.034214 49
0.032338 47
0.032169 44
0.032117 49
0.033609 47
0.031924 44
0.035576 46
0.034836 47
0.031915 44
0.033392 41
0.031245 46
0.038728 53
0.034756 38
0.032584 49
0.075323 47
11.466610 363
0.022719 372
0.044570 1147
0.044393 4095
0.000722 2594
6.679362 89
0.010652 28
0.000072 2
0.000272 34
0.000162 29
0.000147 33
0.000206 33
0.000146 20
0.000143 29
0.000187 25
0.000156 34
0.000137 21
0.000143 18
0.000222 21
0.000188 17
0.000167 18
0.000117 18
0.000053 2
0.000206 18
0.000052 2
0.000183 18
0.000052 2
0.000183 18
0.000051 2
0.000184 18
0.000051 2
0.000185 18
0.000050 2
0.000196 18
0.000053 2
0.000181 18
0.000052 2
0.000177 19
0.000053 2
0.000199 20
0.000050 2
0.000193 14
0.000050 2
0.000175 20
0.000049 2
0.000170 18
0.000050 2
0.000166 17
0.000049 2
0.000165 19
0.000050 2
0.000173 21
0.000049 2
0.000208 24
0.000056 2
0.000194 23
0.000052 2
0.000177 23
0.000051 2
0.000198 35
0.000074 2
0.001774 25
0.000059 2
0.004918 17
0.000064 2
0.000209 24
0.000044 2
0.000197 22
0.000042 2
0.000156 34
0.000044 2
0.000275 84
0.000044 2
0.000083 34
0.000051 2
0.000149 26
0.000093 23
0.000085 21
0.000111 24
0.000064 23
0.000112 21
0.000099 23
0.000112 27
0.000099 25
0.000102 22
0.000102 32
0.000110 25
0.000108 23
0.000070 18
0.000085 22
0.000117 18
0.000072 22
0.000113 20
0.000075 25
0.000112 19
0.000105 18
0.000065 18
0.000110 18
0.012669 63
0.000088 17
0.000214 11
0.000151 16
0.000138 27
0.000127 23
0.000055 18
0.000285 31
0.000062 41
0.000202 19
0.000062 25
0.000151 21
0.000123 19
0.000152 30
0.000120 28
0.000065 25
0.000056 2
0.000169 28
0.000142 31
0.000059 31
0.000158 29
0.000140 30
0.000058 26
0.000154 20
0.000140 32
0.000140 20
0.000057 27
0.000158 23
0.000140 21
0.000055 32
0.000159 24
0.000157 40
0.000059 35
0.000154 23
0.000178 22
0.000061 16
0.000148 21
0.000140 26
0.000137 20
0.000060 17
0.000060 2
0.000144 16
0.000210 49
0.000058 19
0.000153 16
0.000135 18
0.000058 30
0.000167 21
0.000136 20
0.002929 18
0.000124 19
0.000138 17
0.000111 23
0.000104 25
0.000049 19
0.000046 2
0.000110 23
0.000103 16
0.000103 18
0.000046 18
0.000045 2
0.001098 22
0.000106 22
0.000047 20
0.000045 2
0.000117 27
0.000107 27
0.000044 15
0.000046 2
0.000113 13
0.000106 17
0.000047 28
0.000047 2
0.000113 24
0.000111 19
0.000106 26
0.000043 19
0.000146 25
0.000117 32
0.000111 29
0.000048 17
0.000046 2
0.000118 25
0.000106 20
0.000150 21
0.000130 15
0.000130 18
0.000106 17
0.004165 54
0.019014 220
0.002620 56
0.051874 48
0.076662 6
0.003289 2
0.003496 4
0.002430 22
0.004743 2
0.002462 12
0.022773 3
0.022787 20
0.026502 6
0.003544 2
0.002896 4
0.002002 22
0.003230 2
0.002615 12
0.020707 3
0.068298 37
1.047531 6
0.003957 2
0.004945 4
0.004808 22
0.004801 2
0.003079 12
0.023425 3
0.017861 41
1.043138 6
0.002950 2
0.003330 4
0.004481 22
0.002294 2
0.004449 12
0.026323 3
0.023831 34
0.065611 6
0.003911 2
0.002459 4
0.002520 22
0.004857 2
0.005086 12
0.020571 3
0.052614 48
0.049030 6
0.005707 2
0.004596 4
0.002201 22
0.002665 2
0.002636 12
0.022766 3
0.028540 48
0.060543 6
0.004034 2
0.005147 4
0.003793 22
0.004471 2
0.004221 12
0.021074 3
0.021982 49
0.078006 6
0.002836 2
0.003848 4
0.000356 22
0.002898 2
0.002827 12
0.016695 3
0.003253 15
0.000083 40
0.004305 31
0.000087 2
0.000741 128
0.000354 21
0.013557 28
0.004473 7
0.003979 17
0.005377 39
0.014547 64
0.019628 138
0.012762 77
0.047106 77
0.013037 129
0.048450 55
0.044520 55
0.124291 143
0.101572 63
0.289401 184
0.000397 52
0.000065 67
0.000191 283
0.000057 76
0.015453 70
4.587827 44
0.027301 52
4.643242 40
1.875899 71
0.377694 52
0.069580 56
0.040586 30
0.004628 29
71.272620 8
0.011329 3
0.000190 37
0.000043 2
0.009039 28
0.000056 5
0.000045 7
0.000041 2
0.000026 9
0.000139 2
0.002483 56
0.000097 32
0.000043 23
0.000035 9
0.000033 23
0.000036 22
0.000038 7
0.000035 24
0.000060 50
0.000106 104
0.000028 45
0.000227 358
0.000037 14
0.000049 39
0.000025 30
0.000024 10
0.000021 29
0.000024 5
0.000026 9
0.000180 205
0.000058 101
0.000026 12
0.000025 16
0.000025 5
0.000027 9
0.000025 7
0.000022 12
0.000022 55
0.000025 2
0.000021 12
0.000023 45
0.000024 9
0.000021 48
0.000084 63
0.000028 40
0.000020 5
0.000021 61
0.000094 50
0.000178 19
0.001481 3
0.000161 13
0.000185 27
0.000138 2
0.006669 34
0.005323 45
0.000158 2
0.007757 3
0.000172 44
0.000389 2
0.006997 3
0.000114 41
0.000102 2
0.008509 3
0.000172 41
0.000093 2
0.008960 14
0.000081 100
0.026564 240
1.011896 41
0.000080 2
0.022519 40
0.000577 2
0.026464 96
0.005755 92
0.006700 10
0.000155 82
0.005734 93
0.003810 88
0.011018 3
0.000354 37
0.000340 2
0.005881 35
0.000069 3
0.000112 2
0.007165 41
0.008783 40
0.000399 2
0.007901 3
0.000071 39
0.013947 24
0.909558 23
0.017076 82
0.104813 36
0.031715 34
0.088225 6
0.003109 2
0.003588 4
0.002161 22
0.003517 2
0.003952 12
0.017271 3
0.033813 48
0.211900 68
0.000050 2
0.000047 170
0.000038 2
1.058042 6
0.004806 2
0.005324 4
0.002892 22
0.004828 2
0.004354 12
0.020838 3
0.006832 63
3.000692 27
