0.010119 44
0.569046 32
0.323331 12
0.002871 54
0.002706 115
0.005460 179
0.001454 13
0.000020 77
0.158903 10
0.000615 42
0.053027 98
0.002924 28
0.005628 31
0.580229 92
0.017783 68
0.034443 34
0.533411 52
0.027246 23
0.008485 25
0.002489 26
0.003078 26
0.002178 26
0.002992 26
0.003211 26
0.004048 26
0.002122 361
0.000062 51
0.004621 59
0.000646 61
0.017121 44
0.013881 7
0.002610 18
0.108307 13
0.145347 154
0.114024 314
0.060144 245
0.003821 116
0.074208 13
0.248152 13
0.238295 13
0.254883 29
0.019324 29
0.007000 29
0.009553 29
1.124035 30
0.396342 60
0.016787 60
0.008015 60
0.004502 30
0.000039 30
0.048796 60
0.059027 33
0.060093 7
0.002599 62
0.028735 29
0.014828 64
0.013775 64
0.044686 66
0.244142 68
0.000044 33
0.000731 37
0.081967 58
0.624546 66
0.010564 36
0.029823 29
0.016028 64
0.014191 64
0.046069 66
0.251577 101
0.000628 37
0.084572 54
0.630520 66
0.009740 84
0.016559 73
0.031326 24
0.017266 2
0.012906 27
0.287848 30
0.000633 2
0.082190 705
0.000051 402
0.000028 155
0.000023 108
0.000022 97
0.000021 100
0.000022 107
0.000429 1217
0.611972 66
0.011012 45
0.001906 32
0.003670 58
0.002818 61
0.004298 36
0.003809 15
0.002990 35
0.000147 9
0.000480 8
0.001427 23
0.002426 23
0.000427 21
0.003304 37
0.000465 8
0.257395 19
1.729825 4
0.119961 13
0.274243 14
0.000162 149
0.101130 264
0.012431 78
0.000033 38
0.177628 13
0.265942 13
0.261916 13
0.500908 13
0.500648 13
0.500833 13
0.500933 13
0.500725 13
0.500759 13
0.500653 13
0.500598 13
0.500668 13
0.500829 13
0.500694 13
0.500914 13
0.500467 13
0.500639 13
0.500620 13
0.501056 13
0.500557 13
0.500779 54
0.079298 182
0.281882 29
0.026217 29
0.006713 29
0.010598 29
1.533387 30
0.020436 60
0.017434 60
0.008373 60
0.004478 30
0.000036 30
0.049872 30
0.000058 30
0.060079 33
0.083909 29
0.019661 64
0.012216 64
0.044755 66
0.241916 68
0.000058 33
0.000726 37
0.303061 348
0.253868 89
0.049533 63
0.298193 24
0.410106 29
0.090147 36
0.025982 41
1.150648 3
0.007421 63
3.000253 12
0.000146 15
